29
85
114
114
130
130
85
0
18
228
228
0
225
242
347
246
246
246
54
54
90
90
16
288
391
391
427
413
142
43
28
91
362
362
203
205
77
77
232
349
239
299
272
144
273
130
75
51
352
397
431
377
377
431
427
363
363
363
300
291
153
226
233
60
86
85
85
133
133
133
111
111
200
190
226
226
74
58
58
58
58
458
458
458
458
468
410
416
342
260
342
399
86
61
1
149
164
332
332
278
86
71
270
270
281
294
286
273
439
276
488
488
488
488
488
488
434
484
488
466
318
358
369
436
484
313
357
402
378
299
275
255
182
184
184
264
238
345
338
338
390
364
384
59
44
44
42
115
115
42
42
42
39
189
134
453
379
42
49
49
7
222
252
210
43
14
14
278
321
321
314
143
136
364
455
455
192
65
115
117
117
168
165
159
117
117
115
115
160
143
105
438
452
409
436
436
389
389
389
377
