185
0
345
360
360
342
443
405
88
88
227
214
312
254
207
156
149
370
375
365
287
287
296
303
398
476
452
370
275
337
337
374
283
283
307
307
307
219
388
239
14
13
92
13
13
0
157
321
254
190
190
190
280
351
351
405
405
405
405
289
241
234
269
275
404
404
364
278
239
272
326
286
278
337
284
284
312
212
212
247
353
384
252
94
103
217
113
269
266
258
266
148
148
86
86
3
3
36
26
18
7
232
7
7
7
7
7
7
30
164
353
310
209
200
397
426
426
36
149
149
149
173
345
345
355
364
485
469
469
324
324
254
215
220
365
276
286
334
499
499
288
145
162
145
111
281
296
252
39
317
317
325
160
160
150
150
135
171
61
94
204
237
292
422
375
406
406
248
265
217
185
195
132
281
138
155
170
47
54
22
303
322
322
292
292
292
292
292
373
438
438
427
425
436
436
438
378
397
397
229
