0
0
0
0
0
0
0
0
38
224
361
371
318
366
380
117
56
304
243
185
63
192
176
351
97
83
253
253
37
37
37
24
24
24
24
22
22
0
114
174
15
0
0
0
0
0
0
0
0
0
295
478
307
431
431
320
327
339
280
389
533
533
568
568
568
562
497
497
552
149
115
115
115
274
457
565
565
577
94
203
408
248
248
488
488
485
417
417
413
211
224
341
451
451
384
197
81
17
98
44
44
5
5
5
5
313
525
525
490
490
525
519
524
583
583
571
341
328
311
339
337
227
169
63
130
305
247
316
471
471
471
571
571
571
571
562
570
570
570
571
519
519
491
260
317
317
317
353
133
133
121
280
280
282
447
250
103
47
282
438
290
337
337
495
485
305
495
495
464
472
472
472
318
72
126
126
117
99
99
86
59
129
67
25
380
125
8
241
278
278
107
111
83
83
83
213
128
128
128
327
