0
68
69
79
39
34
321
353
334
295
237
56
67
159
412
298
298
50
249
515
515
515
567
567
538
567
409
298
164
113
113
187
187
190
215
215
92
92
92
26
26
166
210
141
138
138
138
138
138
210
210
382
382
382
119
227
227
361
361
253
253
151
151
151
151
140
208
404
311
322
313
338
393
240
250
181
391
391
37
37
37
330
330
324
31
192
213
213
186
172
417
417
441
142
160
214
293
211
473
202
56
116
6
6
167
238
472
292
287
287
264
264
266
321
321
321
379
578
578
429
548
548
462
287
270
270
405
403
341
66
190
57
57
74
301
74
66
169
235
354
354
354
549
494
521
521
515
568
580
316
408
182
235
369
99
166
331
314
424
424
424
368
267
301
452
593
598
560
549
441
266
305
226
187
445
480
480
480
480
443
561
385
363
355
226
184
320
320
431
304
376
324
376
598
533
598
598
279
222
222
