0
0
28
270
221
221
150
308
356
439
457
186
406
396
396
396
504
543
569
569
569
487
492
429
574
551
445
417
365
399
414
414
249
230
304
451
194
29
319
150
287
203
200
150
150
20
20
55
55
55
30
97
289
246
275
131
26
26
30
106
106
106
106
308
308
315
302
363
365
9
22
21
26
26
94
63
452
140
130
8
0
85
332
240
229
294
205
206
194
207
5
107
180
180
39
207
269
269
269
269
269
254
254
495
495
121
121
151
393
393
218
226
100
2
2
350
320
258
323
452
215
499
499
517
517
517
517
460
456
460
460
479
479
416
207
102
548
548
306
439
499
561
290
158
282
213
196
193
113
76
343
343
89
89
79
66
181
85
425
251
251
246
160
92
295
309
334
321
330
435
163
163
163
125
366
366
366
570
544
570
570
570
570
578
578
547
547
148
176
297
297
297
297
247
252
273
416
416
416
588
