233
430
193
442
445
254
210
211
544
544
544
544
544
530
565
565
536
113
166
92
366
149
494
455
442
489
447
471
471
471
477
360
374
240
237
279
315
334
337
354
354
139
369
419
350
431
362
292
379
492
366
125
205
205
93
165
56
56
56
56
167
193
87
74
74
61
61
61
320
320
315
319
331
464
412
542
542
542
541
590
489
175
177
177
235
66
551
551
551
551
551
574
510
137
482
482
570
570
573
336
385
436
394
383
587
587
553
574
501
501
597
597
443
338
327
327
327
339
215
407
407
368
296
355
361
125
130
132
127
173
302
330
349
314
339
413
243
302
355
362
414
479
597
551
589
474
474
462
358
358
401
401
220
343
343
217
236
329
430
347
391
418
432
432
143
162
417
599
460
541
541
541
275
577
282
220
222
147
242
294
294
458
550
550
380
346
426
453
203
255
255
258
124
124
124
420
467
467
595
595
