72
130
138
80
413
386
413
413
381
115
115
196
196
174
2
0
193
196
196
133
0
35
30
173
354
354
463
466
78
183
64
64
0
165
307
307
227
222
175
165
174
261
0
105
312
424
442
486
268
346
346
268
182
192
124
121
139
148
217
296
468
484
484
495
515
412
412
380
483
483
483
483
275
275
437
408
455
148
154
190
428
363
379
120
238
320
159
161
161
266
210
305
375
365
414
346
170
158
160
160
77
77
77
152
224
225
136
236
110
110
299
340
357
374
269
294
271
271
264
440
389
530
530
325
181
135
84
84
121
105
352
438
54
54
54
142
140
128
42
194
183
198
288
331
469
454
477
437
350
350
350
362
431
473
229
229
226
286
286
500
500
224
358
358
351
578
157
326
364
508
461
403
233
233
233
200
200
54
54
42
42
233
233
454
454
457
425
337
290
381
381
232
160
372
295
163
104
180
7
144
