0
0
269
269
485
409
278
329
362
377
105
105
187
436
448
297
297
340
305
153
160
162
162
155
169
217
217
217
31
230
89
86
145
145
145
145
16
16
16
40
325
328
325
429
429
429
456
484
484
540
102
102
105
105
105
0
0
0
68
68
68
153
153
106
106
79
11
11
10
129
139
301
455
325
426
288
282
210
210
420
67
108
439
453
337
59
443
537
265
266
266
264
164
223
39
193
341
348
105
450
127
127
25
25
25
240
240
240
423
313
271
3
3
3
3
0
0
0
402
410
222
191
191
155
151
107
144
107
44
66
39
28
160
53
28
62
68
24
24
189
303
377
540
447
447
447
196
140
140
281
145
136
22
10
10
10
60
84
84
84
84
240
182
182
184
320
138
28
2
79
77
77
77
35
35
467
467
456
135
196
515
515
515
515
368
370
370
370
389
424
521
177
430
430
344
344
461
448
448
509
