378
378
474
480
480
288
275
275
100
112
345
345
345
287
471
482
309
414
387
393
496
545
557
212
212
382
512
500
360
168
168
361
412
380
178
245
142
142
298
298
401
401
126
138
71
110
280
280
280
280
265
138
425
427
32
439
514
474
492
354
354
354
366
269
55
60
60
149
144
85
85
27
90
136
147
294
435
226
226
190
130
349
355
187
62
396
272
291
166
81
62
68
68
68
41
46
43
43
59
66
128
167
132
45
295
103
110
171
109
335
335
335
331
466
466
412
384
267
211
248
271
197
310
342
342
317
161
365
365
404
404
124
35
46
46
392
392
586
137
234
200
286
264
201
115
579
579
579
498
498
52
84
72
313
366
112
84
34
34
34
27
105
105
254
254
72
27
27
27
201
206
235
184
119
212
246
246
561
561
561
531
531
244
483
483
441
441
462
470
518
560
347
437
463
295
190
262
32
147
511
