188
529
405
509
438
424
254
198
138
64
368
431
453
366
383
544
489
474
411
215
218
160
313
126
133
155
144
144
136
251
251
28
145
28
28
240
367
220
146
146
146
133
133
6
6
6
6
11
22
17
320
392
403
403
311
156
157
157
163
78
144
407
228
149
149
314
314
397
320
320
341
335
100
472
227
218
218
386
184
184
394
394
331
242
278
443
310
275
73
217
345
331
339
321
233
233
243
182
392
402
308
478
454
451
452
526
204
457
477
174
283
449
459
282
282
90
88
59
244
296
296
290
556
313
556
545
545
458
400
500
500
500
586
270
270
166
201
201
586
333
333
338
338
338
527
496
496
440
323
443
409
409
380
376
171
397
204
291
291
356
591
591
591
419
276
433
503
503
223
163
325
325
279
316
309
246
115
482
437
527
575
575
575
410
284
284
326
352
568
568
109
173
248
247
179
148
370
325
325
325
