257
264
87
61
54
54
54
54
54
132
132
226
154
290
254
254
254
275
450
536
536
536
536
536
410
431
451
451
451
360
360
379
417
417
174
406
394
506
370
288
288
273
343
383
383
383
383
482
169
395
395
380
380
222
317
89
93
568
568
568
304
334
392
392
305
262
285
285
285
285
285
240
240
144
103
145
103
106
139
148
112
151
155
155
155
180
313
275
275
262
337
337
248
395
349
210
194
32
32
30
30
30
85
81
81
126
497
238
203
285
285
388
229
497
435
141
185
209
238
165
282
148
276
292
47
47
356
92
90
220
364
261
261
274
223
2
2
247
313
313
387
360
360
21
282
433
433
470
470
470
549
549
289
302
357
357
232
232
352
331
219
244
465
457
457
345
404
452
452
557
481
302
495
546
547
579
304
579
579
579
286
238
238
215
215
165
166
385
235
195
147
147
212
184
310
285
354
423
423
401
