32
414
480
480
388
388
129
129
270
330
230
29
29
29
139
171
225
243
518
134
134
277
186
302
201
0
0
0
150
150
151
132
1
50
50
5
5
5
5
50
183
439
102
102
102
6
85
85
330
330
354
388
266
526
540
347
540
394
394
394
540
540
382
233
233
231
340
340
368
485
53
332
306
321
541
541
447
447
427
238
462
320
305
327
147
267
124
124
334
289
76
4
4
4
89
93
86
81
81
81
18
7
2
2
173
288
312
323
299
296
461
475
3
263
263
318
319
436
436
436
486
497
487
347
141
108
108
231
327
295
323
380
520
530
573
573
81
81
76
82
486
486
486
409
252
311
311
311
311
311
311
479
479
357
326
187
203
163
312
312
104
105
105
105
306
303
303
303
346
579
535
520
527
527
348
428
443
443
270
65
47
29
29
77
122
77
77
66
164
309
323
355
303
215
442
386
386
225
225
312
