91
130
130
3
3
154
154
155
179
179
482
482
420
120
120
312
194
35
35
62
47
57
57
50
181
123
181
241
297
219
103
99
126
74
91
83
74
91
91
186
1
151
140
241
236
325
325
325
407
407
407
304
314
74
147
147
16
16
23
105
23
46
157
11
11
11
353
353
353
353
446
446
190
307
307
307
307
368
101
168
168
143
129
255
12
75
121
381
381
113
134
164
52
52
52
52
336
354
373
174
327
252
271
271
309
154
18
280
138
138
138
227
227
157
106
102
102
144
151
151
320
243
110
96
356
325
186
27
27
27
27
23
185
122
238
366
376
402
402
173
127
456
456
456
456
247
419
419
435
334
266
266
266
280
318
318
12
12
12
12
277
216
296
391
305
153
232
327
341
346
432
432
113
152
131
137
132
141
481
481
416
386
259
154
124
108
173
238
410
268
215
217
217
305
204
289
253
231
467
467
