0
218
463
54
178
445
227
281
307
281
369
364
404
508
508
398
172
61
79
61
116
390
390
426
59
252
276
271
271
271
326
326
372
143
274
184
448
296
220
218
214
22
22
509
510
510
382
268
93
69
212
198
125
279
279
287
287
287
279
191
36
161
303
308
308
442
491
487
483
483
491
498
498
498
491
491
384
177
177
216
338
374
374
414
414
389
326
40
367
272
293
368
343
209
209
86
490
429
467
243
243
233
233
186
186
149
522
440
222
297
389
367
402
449
449
393
393
353
346
454
570
574
577
577
577
531
514
531
541
262
365
132
132
132
112
82
14
394
77
77
168
210
211
479
447
393
289
191
220
220
19
80
80
80
64
68
68
20
15
59
163
163
147
146
162
534
534
586
463
154
227
154
200
573
573
573
573
59
203
226
281
15
15
15
385
382
553
351
351
351
351
60
87
198
213
214
414
414
546
559
