369
369
355
534
480
480
446
192
375
437
207
480
488
458
352
504
579
579
568
568
568
597
597
597
387
330
322
432
325
471
582
582
582
582
155
276
219
245
234
280
216
59
59
297
323
44
44
187
181
194
194
15
70
15
15
178
514
520
471
362
488
520
518
505
520
543
210
565
590
525
466
525
407
374
340
375
336
315
218
367
263
260
488
502
502
502
502
468
190
435
377
484
484
409
420
420
278
236
276
226
281
118
209
428
351
421
257
114
113
271
271
271
271
277
514
514
500
451
472
278
182
478
494
547
547
558
558
559
313
386
313
115
115
115
165
263
267
316
316
316
342
58
58
308
234
234
444
509
299
356
356
356
348
339
295
424
96
93
299
299
299
149
491
496
439
149
326
250
102
437
375
314
314
313
286
195
428
219
266
266
224
335
201
154
409
475
457
329
329
376
163
221
217
270
117
105
237
237
237
325
