0
0
182
182
127
415
167
105
105
105
64
64
18
18
18
18
0
0
520
413
381
381
320
444
455
369
250
357
170
32
447
412
412
296
265
58
20
137
137
126
0
47
47
47
0
268
268
425
429
351
351
355
63
63
518
518
518
516
397
284
35
35
35
35
127
35
35
39
113
109
131
118
137
236
29
115
132
162
64
522
522
553
553
553
237
70
349
405
415
460
97
91
304
406
406
391
376
358
311
325
275
275
275
398
102
101
105
103
89
312
540
519
519
540
540
540
540
500
408
330
330
278
220
131
529
170
172
172
524
63
45
45
45
45
206
206
206
48
48
279
37
95
392
283
287
191
174
144
139
137
111
123
92
92
80
80
426
440
442
487
501
317
317
533
533
391
324
391
391
295
442
354
365
215
215
215
84
316
316
316
274
211
278
287
287
186
193
145
100
225
225
338
206
182
222
136
96
156
179
419
