0
318
219
434
464
464
308
308
308
243
330
343
342
286
302
185
106
106
106
108
348
352
270
286
458
451
336
396
236
319
414
460
473
496
570
570
163
163
163
163
502
578
306
306
313
299
369
369
401
411
381
230
90
20
44
189
189
189
391
448
452
452
457
267
185
192
329
331
553
551
559
98
176
191
226
481
481
535
535
408
174
174
376
561
367
551
551
491
491
491
308
345
528
179
179
121
129
169
320
418
418
418
596
344
293
325
322
593
293
135
93
94
261
553
553
556
556
554
276
254
200
186
244
244
170
180
180
180
276
278
128
240
82
239
231
69
143
91
419
158
151
20
20
278
570
570
570
570
557
433
42
11
11
3
3
3
3
40
11
79
79
139
11
303
464
495
547
489
399
399
460
516
276
302
304
363
331
338
194
109
96
372
537
556
438
429
350
350
321
420
438
549
339
200
102
102
239
234
190
196
