26
16
16
164
128
128
128
129
59
59
45
92
300
105
204
112
149
118
118
45
100
111
66
305
282
416
416
295
228
197
188
519
269
519
519
426
493
499
499
493
293
354
356
356
415
603
603
603
527
391
426
406
252
391
211
326
367
121
85
85
84
83
83
384
385
385
376
512
514
514
514
514
453
523
608
577
608
552
513
592
592
592
592
601
601
553
553
553
537
608
436
577
577
577
287
158
158
363
100
64
207
101
74
229
486
252
180
102
96
243
224
307
430
402
397
402
505
485
507
501
167
161
434
403
403
434
409
409
454
463
449
433
313
331
331
561
589
403
598
302
302
426
426
209
49
209
173
578
578
529
555
575
510
565
407
272
272
146
146
146
296
535
535
533
408
408
408
420
422
134
134
89
89
79
52
77
78
77
449
449
449
122
122
164
369
425
312
389
409
502
502
538
448
433
529
545
545
314
207
207
