0
74
74
0
26
82
87
87
124
68
31
26
28
173
125
150
171
98
297
294
251
272
185
82
218
337
337
202
202
206
176
62
62
143
62
0
310
363
431
431
431
455
386
338
288
215
176
184
260
264
411
316
464
464
478
493
518
563
563
578
317
296
432
545
548
548
493
430
484
560
180
508
508
508
351
73
303
87
229
127
138
115
115
177
127
182
578
595
595
496
496
311
160
310
310
237
393
393
456
531
499
476
476
374
508
463
216
190
266
265
287
280
292
292
301
423
430
503
529
529
280
254
248
550
550
535
465
542
198
198
198
167
155
202
135
113
314
202
233
214
207
126
126
104
453
512
512
288
468
408
445
228
228
254
234
347
427
427
355
217
292
248
241
92
112
258
74
74
68
53
53
138
133
518
518
494
419
434
371
434
434
42
42
42
49
129
175
493
277
179
293
293
259
197
197
197
254
469
469
520
