0
102
239
499
499
499
407
342
222
386
386
180
69
21
21
21
308
348
93
255
304
186
147
497
474
550
550
498
498
492
36
135
136
110
110
151
514
493
493
186
455
448
251
165
165
11
186
182
21
21
21
64
179
49
80
214
169
49
32
32
115
115
125
125
125
75
75
75
75
0
3
3
72
3
347
399
3
164
124
433
585
597
597
298
597
597
597
597
597
597
337
209
77
289
289
289
504
549
423
423
157
325
447
451
274
226
425
543
543
566
362
363
207
210
168
346
346
321
222
268
238
57
57
57
57
41
41
41
41
78
358
317
317
221
175
150
498
498
498
506
506
391
403
467
140
266
185
432
451
451
452
459
270
267
386
433
517
532
282
423
424
369
221
206
351
351
454
454
421
217
139
138
215
225
409
103
118
99
99
106
113
73
73
67
60
60
60
60
60
60
61
59
146
144
100
216
284
284
146
146
