0
0
0
0
258
258
145
56
56
68
0
0
0
0
220
193
193
193
323
114
125
64
67
190
521
265
216
529
529
371
182
322
470
470
470
483
561
561
404
317
220
423
423
220
136
268
75
514
390
348
389
428
446
446
563
563
563
545
228
132
297
465
454
342
295
298
306
351
499
395
375
69
69
454
478
478
478
478
478
478
353
332
358
295
308
299
398
506
588
588
588
588
588
547
547
565
565
518
492
400
410
410
394
429
570
157
157
47
185
188
520
568
477
264
238
238
238
271
271
525
478
491
491
306
423
423
536
540
587
613
613
409
464
121
121
121
121
161
557
557
296
195
209
445
313
311
450
276
276
227
100
93
124
124
77
69
69
69
89
69
69
184
474
474
474
542
542
542
542
542
542
491
361
262
362
362
375
427
343
405
405
405
126
221
513
468
610
277
364
228
228
294
417
211
375
161
161
161
265
282
