0
0
243
243
250
14
44
238
238
125
125
125
125
30
30
30
30
0
0
460
0
36
36
115
78
34
34
34
34
34
44
583
321
296
70
274
102
78
130
252
156
78
70
598
598
604
397
392
351
460
426
543
609
609
479
479
422
422
428
406
447
419
426
524
273
344
242
294
294
294
220
105
105
105
124
197
189
189
170
139
280
458
538
538
228
228
226
177
227
536
536
536
536
412
482
482
531
531
247
274
311
259
190
412
485
524
576
362
594
351
266
568
330
418
418
568
564
583
583
581
585
497
516
516
495
274
279
95
95
103
53
298
329
392
428
517
570
570
570
456
456
340
340
209
322
401
401
412
402
202
202
180
175
175
152
152
290
241
239
239
239
167
293
330
362
323
303
303
194
162
124
256
256
313
274
290
293
293
293
250
80
52
399
36
36
38
7
7
7
444
444
465
465
465
298
298
295
293
460
468
