36
351
430
290
12
0
0
19
49
104
104
332
196
138
140
87
146
215
217
217
167
281
331
333
247
274
351
370
57
57
485
87
148
151
151
161
586
439
401
205
196
27
76
111
465
467
467
457
473
473
469
368
424
169
173
169
109
121
7
151
318
437
7
7
4
4
4
8
24
6
4
4
147
147
147
143
0
0
13
62
86
86
13
61
21
21
211
526
68
134
134
143
203
320
494
494
565
588
450
450
287
450
450
450
560
395
381
476
479
481
485
356
528
243
229
157
258
268
305
139
139
14
180
290
14
195
249
382
462
462
425
361
361
208
228
269
326
323
406
354
285
445
372
240
255
361
347
365
365
88
128
128
105
100
89
89
182
178
14
27
94
98
27
299
151
151
275
146
544
313
369
533
533
242
242
236
104
104
62
62
84
82
118
118
214
214
154
466
157
163
135
194
432
332
332
319
195
195
186
482
