0
0
0
0
0
0
69
69
108
87
62
113
153
141
2
135
111
245
374
374
377
226
221
222
202
219
198
198
395
22
89
147
263
76
7
20
20
213
427
465
469
496
475
475
423
423
261
261
219
219
165
382
58
40
134
202
147
298
363
262
412
475
475
327
265
282
327
199
497
497
440
358
278
368
360
392
449
449
492
496
496
127
99
99
99
447
485
485
485
318
318
288
250
246
244
244
242
249
249
148
79
416
416
262
261
262
172
172
294
190
190
420
384
431
392
318
467
457
457
457
471
26
322
334
343
343
412
412
164
88
88
148
165
168
350
209
209
134
199
201
222
269
269
228
226
227
229
229
270
161
131
131
263
266
252
282
381
485
307
283
307
307
307
324
195
195
194
161
105
105
105
105
78
103
166
103
247
247
183
183
245
245
336
333
186
303
166
209
125
125
451
421
451
435
419
377
333
323
260
306
