207
106
47
217
185
138
317
338
254
230
255
199
0
447
451
201
101
123
89
152
105
90
71
89
79
82
73
113
87
554
554
519
519
519
541
392
276
243
261
375
261
308
319
327
327
325
349
403
444
523
523
480
471
471
370
461
456
429
122
59
254
97
351
305
305
305
444
444
444
57
207
148
235
105
243
178
277
277
241
105
115
120
120
120
437
106
135
186
114
496
496
496
588
588
588
588
31
31
277
288
401
290
251
253
350
350
194
212
380
380
413
426
425
591
591
558
211
229
373
468
468
417
266
369
168
199
14
258
148
148
220
214
233
561
561
322
322
322
277
105
234
228
166
93
100
116
116
116
590
590
590
590
593
593
593
578
431
318
276
266
17
17
17
347
255
162
194
141
208
474
251
302
546
312
546
528
528
593
232
225
220
365
268
393
599
599
463
463
281
257
417
329
271
271
499
587
605
605
93
86
