273
86
108
113
75
75
0
0
5
7
7
2
313
365
365
356
467
275
392
392
400
361
463
463
386
418
67
127
127
101
101
101
86
294
86
209
308
311
305
352
322
401
387
491
468
468
328
328
323
55
319
319
220
176
49
49
0
4
4
4
4
13
516
4
39
571
571
571
463
532
571
571
571
571
533
536
536
538
538
414
433
433
413
588
480
15
11
4
120
120
120
357
357
357
374
374
254
270
320
314
314
398
141
221
471
487
445
487
538
529
353
353
256
258
269
187
97
97
97
142
133
270
270
261
282
234
234
336
336
307
86
316
244
244
58
59
59
166
166
120
40
13
13
13
13
111
111
114
293
114
16
16
5
5
5
134
537
537
472
299
297
272
478
593
593
451
451
31
358
424
276
350
350
359
359
359
245
277
176
247
245
245
240
198
190
154
163
291
156
312
294
473
293
293
468
185
156
156
232
263
