185
5
5
5
233
408
284
223
146
146
109
73
101
73
73
468
469
456
456
259
259
259
453
491
491
577
577
577
577
496
343
384
359
387
387
387
387
96
97
96
83
152
83
83
83
83
116
301
236
236
236
116
23
63
63
554
578
543
541
541
370
286
407
409
213
213
191
191
191
191
409
325
217
214
338
316
310
310
351
351
203
203
276
273
450
450
444
449
449
473
391
385
16
16
31
173
72
68
68
583
573
419
551
579
192
268
221
186
176
69
69
100
116
139
219
603
603
603
349
386
352
524
548
519
509
503
348
268
200
231
332
242
242
241
296
192
193
193
420
545
533
596
520
353
306
483
483
452
495
367
367
495
124
94
94
36
7
7
7
22
42
26
461
580
600
600
401
401
412
399
345
455
455
392
432
432
212
146
146
108
108
108
378
378
87
105
105
105
259
162
283
264
203
385
452
376
441
460
460
472
