0
0
0
133
30
189
189
159
505
333
603
538
538
538
538
538
538
215
215
218
213
213
275
275
245
151
176
187
187
440
465
555
555
555
571
558
558
507
507
542
423
392
355
355
355
355
351
429
401
401
305
426
588
588
461
464
284
171
232
241
537
81
81
81
81
116
111
61
86
235
235
235
200
55
214
95
95
437
175
170
130
130
535
535
544
558
150
143
310
489
483
407
241
229
229
229
220
220
406
406
406
369
225
151
192
198
198
67
557
571
401
2
2
2
132
182
182
452
452
452
368
361
291
298
31
31
31
31
31
31
311
306
455
61
103
103
103
98
98
138
138
98
61
61
490
566
389
389
389
370
370
318
318
333
463
514
514
553
568
556
568
325
325
323
269
301
392
392
392
433
514
500
500
461
368
229
227
252
249
249
249
107
166
173
240
377
377
456
456
456
456
426
456
523
313
313
327
167
167
246
