228
561
561
561
547
533
521
521
522
522
434
522
317
317
317
286
286
286
286
388
87
204
290
238
101
304
406
318
406
358
397
331
389
205
99
77
84
139
128
144
184
184
245
245
369
327
435
294
42
42
42
42
36
475
267
267
267
223
223
1
1
176
176
96
96
1
9
9
534
534
534
481
282
282
169
225
225
537
494
319
311
91
91
106
43
98
174
154
187
275
275
301
536
527
304
385
298
370
489
288
288
504
443
488
314
26
27
27
27
22
154
554
386
319
319
435
404
442
442
442
141
141
357
360
360
315
257
328
328
328
328
254
355
254
276
402
456
228
228
228
227
202
111
430
430
434
343
358
345
407
392
407
393
421
582
216
216
216
378
315
315
138
369
369
455
451
400
285
336
336
363
299
302
302
56
33
33
33
123
191
101
111
248
246
318
86
19
19
58
393
393
305
379
249
487
551
536
524
456
403
