304
362
241
331
92
79
78
305
464
464
440
268
412
353
460
460
239
212
185
173
173
396
400
432
488
400
278
272
277
228
223
223
223
161
245
267
295
216
381
317
381
387
320
543
398
398
398
383
479
362
362
362
346
346
261
219
226
280
322
27
27
27
40
198
175
444
444
476
590
159
179
277
233
227
227
28
28
28
42
42
42
42
289
365
282
284
284
284
284
217
199
376
428
427
298
278
189
141
275
183
301
301
99
116
99
188
188
5
5
5
5
5
5
26
5
5
67
5
5
5
5
183
197
56
56
54
59
16
16
84
84
110
155
360
330
461
351
341
460
573
448
436
440
563
563
565
588
590
590
590
475
477
592
592
79
79
175
175
161
222
192
161
455
455
455
140
140
406
253
116
38
147
147
154
213
213
207
126
72
74
73
200
325
325
104
113
429
216
187
193
227
360
580
580
584
256
256
282
383
297
