137
232
348
348
311
349
217
230
344
340
303
435
282
316
161
502
502
567
567
567
222
217
35
35
35
209
297
365
362
362
323
323
128
0
208
208
230
0
444
444
563
580
580
580
580
316
517
517
580
449
226
241
287
56
151
254
244
413
423
283
336
336
443
428
232
477
434
502
263
322
326
326
384
433
433
429
425
344
188
93
82
593
531
212
212
169
169
258
260
158
288
288
425
433
433
483
496
507
500
500
607
607
607
607
454
281
336
288
474
430
430
562
539
539
241
241
320
577
577
369
178
138
267
278
174
188
205
211
170
65
65
411
411
317
207
207
70
70
36
371
85
85
85
85
85
397
172
350
539
539
550
470
263
263
263
482
481
467
467
467
427
135
125
250
463
555
598
595
299
205
389
205
193
261
229
235
519
365
380
65
37
253
253
12
127
127
472
448
461
518
551
551
441
488
465
199
217
217
477
383
