11
68
68
60
60
154
493
491
20
4
201
286
286
309
309
234
240
154
58
47
24
225
91
242
221
184
184
550
530
553
553
549
206
207
170
232
544
544
544
527
457
441
409
409
409
488
368
401
393
422
523
474
592
573
592
592
592
542
305
305
327
264
312
380
444
451
411
532
606
606
463
463
606
606
246
284
190
243
239
181
184
184
264
266
514
514
99
132
345
374
117
126
123
197
196
532
529
169
169
306
150
150
161
414
414
539
539
219
366
385
368
325
26
26
0
0
185
261
152
371
190
199
363
83
96
206
505
226
291
291
291
484
484
407
407
372
541
541
513
513
214
24
386
166
204
206
64
265
391
437
146
248
234
248
248
495
420
426
555
471
477
337
551
551
562
166
50
73
73
86
97
131
97
97
342
281
208
208
209
375
413
293
293
445
43
92
171
311
123
58
358
302
302
400
400
230
230
408
43
43
