0
103
188
188
216
299
299
299
299
359
237
237
237
231
231
240
313
396
396
396
428
489
310
310
429
429
406
524
494
314
331
311
117
216
228
431
527
338
327
317
317
303
119
141
161
192
134
134
134
379
350
340
136
139
150
146
175
175
175
325
207
231
197
421
463
394
499
218
218
418
404
200
200
215
51
372
478
507
503
282
129
129
129
129
283
283
72
74
74
69
351
306
276
391
497
517
495
490
546
395
344
492
274
536
321
279
441
275
314
475
338
319
323
415
415
516
516
304
303
261
126
126
221
8
215
215
215
218
445
238
366
366
358
358
285
261
311
327
268
124
113
113
420
420
261
261
340
340
522
391
397
371
371
384
527
249
599
598
420
420
308
71
71
104
104
179
179
111
203
208
196
278
221
292
322
266
408
366
549
549
570
293
442
297
95
51
68
17
17
17
17
5
52
54
163
445
271
342
472
472
