14
0
0
179
173
63
74
74
118
132
521
518
518
518
56
56
215
275
275
549
549
549
549
499
497
565
565
445
402
402
402
382
282
462
419
330
215
215
135
6
6
6
585
549
549
549
344
297
342
333
333
538
483
327
327
327
241
201
197
99
99
238
327
327
199
199
202
235
202
275
147
328
449
449
452
255
255
336
212
212
212
212
543
479
375
480
507
542
590
568
568
568
503
507
507
369
340
362
584
587
567
567
538
538
347
2
60
60
60
43
280
276
276
39
144
144
468
76
50
27
27
27
337
337
358
358
394
431
448
448
448
326
331
99
101
108
160
127
127
149
149
76
260
339
158
378
192
180
115
495
348
161
161
161
198
182
353
218
211
219
43
39
25
188
188
188
188
188
176
52
153
164
196
195
507
572
572
572
364
546
406
412
503
485
566
459
426
539
539
539
560
107
107
192
216
215
203
177
177
193
