0
48
0
304
273
265
31
108
125
154
406
296
431
431
262
348
345
417
269
383
404
104
286
409
357
118
141
259
298
328
334
334
334
334
366
203
202
202
324
413
454
403
386
254
303
303
212
469
469
486
434
104
29
29
107
163
144
158
169
214
214
214
234
497
497
497
497
410
304
104
101
283
494
331
138
219
422
422
463
497
413
413
413
125
125
425
425
257
384
323
258
472
422
329
334
370
231
192
22
22
472
489
496
491
491
292
292
199
267
279
260
258
57
368
368
352
352
344
355
355
483
483
289
289
291
374
483
487
487
487
222
222
256
256
253
240
323
289
289
128
143
143
143
138
138
258
258
470
366
366
335
210
210
210
264
264
80
49
49
161
161
49
144
213
278
229
260
155
138
144
155
247
246
219
219
279
231
264
264
345
193
321
321
348
83
83
144
59
99
45
15
27
27
37
36
85
125
280
281
166
