0
0
203
352
326
323
62
62
107
107
107
126
190
190
192
105
271
213
237
196
202
309
410
454
454
476
502
518
360
512
522
456
278
350
522
522
522
522
362
402
407
568
551
568
568
568
291
175
67
67
339
171
248
304
187
187
199
16
15
49
96
144
218
18
42
42
553
553
553
553
450
507
507
453
453
555
157
63
63
306
405
294
270
311
325
453
439
509
180
133
124
124
124
206
208
51
26
44
44
44
2
39
39
113
99
109
248
384
500
207
437
440
337
440
415
276
296
296
296
61
252
297
507
507
507
507
493
493
507
417
416
416
191
291
292
292
379
230
162
186
186
186
320
214
347
343
352
304
485
479
479
479
485
231
231
250
250
281
340
340
315
315
315
170
199
87
58
2
2
233
233
143
135
458
448
452
458
436
256
245
141
57
57
57
57
308
161
243
211
211
107
107
165
168
72
72
14
26
9
114
