415
502
165
150
120
120
91
276
276
295
318
413
413
372
372
284
623
623
623
623
623
562
541
572
571
582
492
492
226
48
323
323
368
368
347
580
580
580
532
538
80
329
288
89
182
237
237
272
179
179
179
96
131
131
186
381
381
396
406
406
406
183
199
199
470
470
551
551
214
214
544
544
393
489
484
484
484
86
60
143
396
389
396
48
48
48
48
43
43
110
192
125
257
189
172
295
295
7
530
530
174
257
312
339
207
154
76
14
124
124
404
269
305
258
176
176
221
136
131
164
434
509
493
493
95
95
179
184
132
352
352
507
510
510
526
512
306
269
204
288
480
450
545
545
545
612
295
461
461
461
422
406
326
326
332
102
102
158
158
552
382
474
304
425
600
490
490
490
490
368
336
568
545
430
451
451
451
374
374
124
124
124
13
491
293
423
388
407
429
318
327
35
35
29
21
21
21
96
21
2
