0
83
0
0
0
21
255
255
460
408
507
507
507
191
104
268
133
204
297
314
314
269
530
294
493
493
403
548
548
548
595
595
431
329
240
357
357
408
408
602
604
364
530
290
290
327
327
327
479
521
521
509
504
480
256
256
256
507
311
238
238
238
239
484
412
423
423
423
320
168
276
276
470
505
194
204
295
454
498
134
106
153
153
269
244
391
466
466
466
527
233
181
176
372
475
432
434
252
321
28
448
455
455
397
397
378
451
463
463
527
554
537
301
301
417
408
264
29
398
483
492
490
490
490
490
106
78
78
41
413
332
274
146
413
513
539
539
539
481
481
476
539
536
536
599
598
583
583
598
598
189
250
250
301
423
576
576
522
526
526
543
488
314
314
355
48
347
188
188
182
167
326
472
388
472
528
502
443
443
253
96
3
3
81
81
81
230
302
289
563
476
242
227
248
248
609
625
607
621
325
