58
58
251
523
523
273
306
313
415
105
115
0
0
0
0
341
402
78
401
401
401
401
471
390
390
426
426
426
288
255
242
201
202
63
46
206
283
62
227
134
134
316
316
503
254
260
285
198
537
537
537
327
181
181
369
376
376
402
402
267
267
49
49
484
281
273
554
571
450
274
282
361
300
325
325
325
300
300
300
442
443
478
614
298
306
306
259
259
293
282
259
184
239
327
317
233
140
261
242
122
122
25
25
35
338
322
392
307
307
307
257
395
14
14
302
21
342
350
304
298
344
348
348
294
294
168
249
332
336
336
315
92
92
92
92
604
604
604
620
620
509
558
529
480
576
441
397
330
244
544
574
574
414
285
285
599
544
324
565
264
275
187
170
170
80
95
95
67
67
191
302
39
115
47
315
45
39
53
53
44
48
167
167
167
193
193
67
37
37
37
18
18
18
253
253
253
436
436
491
491
