0
0
191
0
0
14
77
78
78
79
383
406
361
434
536
418
587
496
495
76
86
86
159
212
340
308
340
311
239
613
613
615
424
575
559
559
444
491
275
236
236
438
567
530
530
314
330
330
330
245
330
330
330
330
330
206
92
84
84
1
180
180
180
1
1
1
1
72
1
7
187
243
243
443
595
595
567
567
567
406
343
275
275
116
269
269
21
273
284
284
357
185
90
96
539
193
234
199
116
116
116
116
174
380
555
404
276
538
606
606
606
606
606
606
426
426
393
406
366
74
287
322
322
200
140
184
102
102
14
208
208
208
256
307
306
306
110
61
170
170
170
40
40
40
14
126
17
14
14
14
175
175
188
221
202
2
526
75
75
75
96
231
145
118
230
230
88
85
2
254
169
98
98
98
98
227
227
227
2
367
367
483
498
224
224
31
31
329
366
381
380
380
340
325
117
607
555
555
328
321
