85
79
86
76
67
0
0
319
331
331
297
422
422
422
541
193
194
114
201
252
166
156
406
344
464
442
478
469
304
169
8
8
74
225
225
128
361
278
208
171
228
241
613
613
192
244
244
244
254
254
215
456
393
393
393
263
263
445
427
221
197
197
323
323
494
562
562
566
116
411
454
484
502
496
392
161
268
268
268
476
596
603
603
603
603
603
360
420
449
394
142
142
623
623
457
499
543
571
595
595
595
594
608
551
403
383
296
353
353
492
563
563
563
453
453
457
534
270
270
194
157
259
369
369
192
39
207
244
244
312
433
588
601
466
134
379
368
368
398
206
268
225
451
599
604
604
604
403
321
196
535
535
535
500
606
606
630
630
630
455
455
574
132
125
123
55
55
30
52
290
518
518
414
434
457
457
484
489
518
554
554
394
394
394
394
379
539
539
331
306
314
324
339
339
321
82
36
36
32
32
