16
62
347
430
362
361
361
371
294
412
54
69
69
226
335
69
40
55
154
163
271
271
271
84
160
243
345
504
375
504
504
114
274
383
444
377
346
386
404
356
356
567
567
530
616
616
616
616
493
555
331
300
70
70
70
70
70
176
176
294
294
294
303
303
303
526
298
298
273
245
178
178
524
275
289
539
142
566
587
587
293
284
284
285
319
91
595
327
255
371
107
108
38
50
255
602
602
552
280
81
81
128
118
227
567
237
217
325
393
393
393
285
259
39
178
202
202
156
361
398
467
491
470
470
76
197
537
432
431
534
488
534
381
57
57
57
57
167
269
269
129
55
55
55
32
32
105
105
105
104
254
255
105
32
32
32
157
45
32
32
32
170
129
129
163
291
32
32
32
76
76
131
131
301
213
213
146
76
30
30
30
127
152
239
291
299
211
211
146
125
125
159
172
172
268
266
266
43
43
141
