0
206
21
60
60
60
39
45
110
124
124
162
265
342
342
328
220
220
255
246
572
483
411
500
462
446
439
371
407
433
416
437
460
484
484
484
291
291
214
161
79
537
451
489
533
524
524
524
60
111
111
111
120
462
452
580
580
580
588
588
588
468
468
550
515
550
446
473
473
473
303
303
318
278
282
282
208
259
255
255
318
256
297
491
432
432
254
256
315
346
230
229
223
223
261
260
98
119
119
119
119
555
95
193
302
345
338
461
461
394
456
456
456
436
436
281
429
441
391
476
384
384
466
469
478
588
387
387
214
234
234
232
486
442
464
464
376
321
316
35
35
14
60
60
539
539
580
580
580
580
580
513
468
468
468
414
252
253
55
358
358
445
445
508
541
475
297
297
506
506
508
572
572
572
586
611
623
623
623
434
246
531
488
493
276
244
206
169
169
284
192
40
47
47
47
46
46
77
70
271
