0
344
413
15
4
261
152
219
313
377
438
457
424
403
373
387
363
533
534
534
213
213
238
448
499
514
555
555
555
497
434
183
217
189
189
188
145
210
151
151
320
398
436
356
491
345
407
290
384
384
464
66
66
66
66
66
352
466
455
349
314
314
461
359
388
353
353
576
576
419
367
120
457
387
432
434
434
433
431
382
440
424
307
353
255
255
246
429
356
467
437
488
506
324
283
243
256
248
305
592
276
276
143
167
179
217
54
54
80
194
25
38
170
258
258
258
251
185
292
210
30
30
30
122
94
309
309
351
178
195
195
358
519
519
368
402
402
383
475
177
177
147
147
147
245
245
254
486
531
531
534
534
534
536
446
409
465
348
496
433
256
252
204
208
474
614
584
601
601
493
493
448
349
426
376
594
594
565
579
537
524
516
517
356
130
129
104
226
296
102
215
337
450
389
329
408
408
199
601
275
