0
0
377
399
442
458
451
451
451
368
560
510
497
270
270
251
517
517
568
288
364
364
187
112
146
305
260
40
63
38
15
77
495
495
428
516
516
471
318
97
97
97
4
4
4
198
78
248
248
248
251
345
145
145
145
93
96
96
541
463
516
516
499
499
343
343
334
328
237
355
364
378
270
337
184
296
57
57
77
77
57
233
366
493
332
308
436
378
204
237
118
37
37
37
204
361
299
225
68
68
95
112
221
216
185
479
611
611
565
211
211
223
182
326
45
55
318
318
430
385
385
385
367
375
331
45
40
111
111
96
96
96
100
307
385
572
444
469
465
416
544
570
550
542
542
610
610
610
610
589
571
553
578
571
571
563
421
229
229
285
275
200
91
91
91
463
463
456
333
477
267
314
321
321
618
360
376
408
401
206
197
163
130
233
486
514
476
464
464
464
392
226
217
217
310
125
125
536
363
472
