0
70
170
170
320
303
335
352
86
151
144
154
56
83
87
212
177
177
177
214
223
238
238
275
360
360
232
472
283
283
370
268
268
275
324
400
486
355
330
330
399
359
341
341
487
443
443
408
408
394
225
225
434
434
443
206
337
285
373
366
377
330
330
346
400
290
132
180
235
142
285
311
301
25
25
13
114
183
179
137
137
352
499
409
220
308
236
96
142
142
155
109
109
137
305
202
202
202
347
440
440
137
281
134
138
138
80
80
294
308
343
429
429
341
497
491
303
25
25
13
23
23
137
86
86
130
245
218
261
261
295
256
342
344
336
414
394
31
31
105
181
67
81
88
103
74
56
66
66
341
356
281
444
295
323
216
7
7
227
231
21
21
21
21
45
11
7
7
7
7
7
7
7
101
80
126
91
96
85
7
332
197
230
249
249
203
190
136
136
72
72
75
67
67
171
171
39
329
329
0
