0
221
221
221
221
72
72
425
408
408
252
252
315
144
0
0
385
411
411
408
441
441
440
534
417
440
440
417
417
82
143
246
246
246
161
161
161
318
234
183
24
24
175
278
105
490
429
429
423
423
365
279
347
52
67
67
181
24
3
3
160
160
160
344
160
151
151
506
506
444
506
522
564
574
574
574
574
574
574
155
155
444
76
76
64
71
143
160
183
314
314
273
221
198
162
583
533
522
533
332
183
214
292
152
106
5
5
62
69
69
69
36
36
29
29
239
258
258
258
249
148
2
2
8
379
524
156
538
530
530
562
562
488
562
507
452
505
505
361
403
408
408
408
475
632
632
632
626
616
622
451
283
350
350
205
213
363
599
599
599
599
599
176
194
65
65
69
51
431
549
610
379
542
620
626
626
603
603
603
328
190
190
190
329
329
487
437
257
257
308
244
375
425
425
405
572
572
369
346
407
