0
304
267
503
300
110
342
288
281
281
418
525
525
525
437
359
359
459
42
486
335
447
437
62
52
169
328
365
375
375
375
368
368
101
421
329
329
329
220
254
254
324
357
353
342
204
174
321
398
421
290
181
181
184
184
384
40
33
19
151
177
31
47
61
122
225
225
271
130
133
133
485
411
562
501
403
152
37
81
135
97
41
562
77
77
77
77
201
79
551
599
599
528
528
597
597
564
564
564
564
565
598
488
449
457
441
571
610
610
610
388
587
477
477
468
376
508
525
563
584
557
591
492
589
574
578
580
580
426
613
318
318
316
61
391
391
354
354
145
160
162
154
114
91
104
54
54
353
358
378
551
551
324
324
231
340
374
340
480
480
480
427
417
353
369
339
367
593
580
598
598
341
568
585
585
347
328
344
189
494
409
423
396
452
424
424
428
456
456
362
443
443
310
310
275
429
381
381
212
212
