375
439
439
486
486
436
505
441
484
479
472
426
447
374
77
77
0
303
483
496
496
441
35
68
82
54
54
111
432
398
209
255
255
389
335
335
185
185
131
53
53
47
109
47
139
139
14
92
111
84
464
264
264
264
316
238
243
528
176
56
56
56
51
335
221
162
362
529
306
349
250
225
306
306
214
246
181
163
163
32
147
147
139
168
168
486
408
408
408
471
233
233
516
516
597
597
449
377
377
304
170
170
170
170
21
15
142
81
64
64
3
3
259
259
297
357
311
361
388
411
544
442
468
498
582
417
582
582
621
628
628
628
628
628
628
628
287
287
285
269
269
547
550
370
370
550
206
206
333
227
134
138
138
138
273
138
50
547
612
612
612
131
486
218
532
566
587
497
266
255
161
486
529
519
497
563
391
249
176
232
227
503
503
503
503
292
284
328
297
329
285
269
463
284
117
44
44
320
386
369
