0
42
79
201
42
154
137
0
384
11
11
0
36
36
36
36
36
277
356
134
157
134
513
513
313
327
15
0
4
4
4
177
71
609
606
447
447
303
303
362
367
367
499
575
581
568
272
259
259
495
494
397
397
397
453
326
62
62
226
350
337
322
322
322
327
327
435
311
311
311
364
312
312
264
286
606
606
496
631
356
246
247
348
351
286
108
108
124
111
111
37
71
71
138
79
22
14
14
14
132
529
432
490
496
408
447
492
435
453
407
401
281
285
445
422
293
82
107
529
529
529
544
396
110
112
537
528
528
549
549
405
98
429
429
275
295
384
506
437
437
618
633
633
633
633
633
633
633
633
203
231
231
197
197
148
148
387
483
507
361
199
199
354
258
331
251
251
251
362
421
307
429
429
433
434
137
598
598
492
492
492
492
486
178
178
178
119
119
87
87
84
78
78
78
197
218
207
207
207
46
