243
243
243
280
280
16
16
50
84
68
68
520
345
364
364
355
425
311
581
466
429
317
388
525
525
525
213
213
220
138
138
138
138
272
272
143
141
141
53
0
271
355
116
168
136
52
52
55
55
3
627
606
606
606
616
529
602
617
628
642
624
624
642
513
642
642
509
550
623
642
554
642
615
560
553
553
520
540
500
565
558
570
447
551
401
460
460
460
460
302
302
202
189
189
189
20
20
144
193
193
302
317
622
622
622
622
599
492
67
560
478
445
419
326
102
102
57
57
57
57
57
57
251
584
551
619
619
476
476
380
354
183
481
276
642
268
47
97
126
123
123
276
202
257
251
259
81
81
81
81
162
166
166
415
535
366
361
78
74
72
55
187
495
103
163
137
156
176
373
481
481
417
417
422
393
138
138
157
235
174
123
31
116
116
112
109
109
154
87
168
179
226
401
252
252
223
223
139
96
429
