76
401
484
175
175
109
167
363
211
239
170
252
172
379
379
450
425
464
415
464
427
427
427
439
610
610
302
379
407
407
477
82
352
461
407
284
285
137
113
285
335
335
291
438
304
611
611
548
548
548
113
202
202
202
236
236
126
527
527
127
128
64
64
211
211
211
226
251
22
22
22
22
22
22
112
173
145
224
206
302
296
287
130
47
47
47
11
11
11
11
21
74
74
74
74
74
31
31
31
239
248
245
18
18
351
351
351
18
250
250
260
519
521
521
521
521
254
129
129
129
504
462
446
446
507
476
474
474
436
401
393
393
393
334
371
389
389
41
38
38
331
331
332
332
337
360
380
380
438
438
193
348
501
335
335
335
335
266
223
223
186
186
186
392
537
281
281
265
265
580
580
580
547
547
299
141
140
140
216
330
390
133
133
555
555
528
555
572
572
78
365
356
366
201
104
102
139
283
273
213
