0
0
0
0
85
91
184
348
378
426
343
277
132
132
91
110
0
0
22
120
154
99
69
447
412
402
394
521
521
205
252
273
639
612
565
329
378
612
639
172
172
146
146
106
164
106
106
274
280
192
192
222
283
266
266
161
161
320
320
32
32
344
253
253
319
188
188
188
289
289
163
163
163
163
221
306
350
118
201
29
18
205
190
2
117
211
535
453
453
107
12
28
119
90
142
195
460
460
460
460
460
584
590
507
566
568
568
366
334
358
100
108
100
4
4
359
457
587
587
391
314
43
66
66
64
64
347
8
8
8
265
260
305
439
443
454
435
316
171
188
150
150
150
150
125
188
256
307
491
390
428
228
228
419
244
129
29
29
29
29
33
33
7
65
423
65
43
43
76
35
35
93
93
93
93
93
151
230
191
49
51
51
350
333
10
10
569
532
538
507
507
241
146
146
265
294
274
248
282
195
