0
37
37
529
617
617
617
617
617
643
268
310
310
310
623
611
267
225
568
568
599
599
451
451
394
350
377
192
393
462
294
284
34
171
215
209
310
413
62
66
62
461
461
265
516
516
527
441
422
333
541
439
466
568
436
284
284
494
494
496
455
455
572
572
636
598
598
598
505
505
403
427
69
67
67
58
58
58
39
108
39
39
212
212
212
156
156
158
477
475
548
548
548
413
138
288
288
218
170
276
266
112
162
136
75
75
75
539
539
482
482
482
61
114
114
295
182
182
171
171
243
243
102
70
75
15
212
143
357
331
331
331
223
187
311
302
215
274
274
426
481
548
296
210
293
266
113
106
106
106
106
11
11
148
499
443
509
494
524
580
411
475
9
31
31
486
469
525
525
335
530
399
399
423
313
297
267
249
134
92
68
7
7
333
333
216
499
391
170
170
170
187
39
72
72
39
36
36
113
113
