0
114
113
116
3
3
13
13
13
13
15
15
15
83
80
80
12
334
544
474
474
474
474
592
592
613
604
556
495
495
397
459
102
81
81
67
411
336
23
97
97
596
596
596
596
426
592
580
432
452
555
390
489
466
480
419
419
580
580
447
447
526
417
417
142
142
261
574
416
393
122
171
280
116
630
630
485
239
239
82
82
61
387
209
209
103
103
55
421
421
324
324
325
325
395
395
534
534
52
437
204
390
397
314
230
315
481
481
521
521
521
521
540
456
482
476
294
275
239
455
455
455
455
31
20
20
20
20
20
551
554
554
554
560
523
523
461
461
415
121
76
134
113
113
55
39
39
96
39
39
39
174
177
177
345
425
348
379
460
460
424
460
460
448
444
448
446
627
627
627
462
581
357
402
372
372
405
506
588
588
521
521
621
621
475
475
443
354
528
424
487
487
487
487
409
74
422
496
546
258
