244
271
247
244
301
57
57
57
57
377
377
365
290
228
424
424
414
382
380
492
504
498
586
538
566
422
422
486
318
318
558
614
614
630
630
630
582
616
630
630
603
603
463
313
313
313
177
338
328
496
609
532
609
609
523
405
444
444
379
488
293
393
393
393
393
393
393
359
225
215
222
353
385
385
385
358
358
439
453
524
501
473
489
367
286
395
274
243
617
617
619
619
459
459
408
486
343
343
169
136
201
204
201
168
168
535
262
272
272
122
122
122
13
13
13
309
175
175
182
468
464
464
464
281
278
115
7
7
29
29
29
29
24
24
57
119
109
177
246
198
153
185
85
85
113
71
99
254
465
465
347
467
541
552
552
552
311
558
558
474
379
474
570
273
92
327
430
565
575
405
286
340
340
340
340
326
118
118
166
549
421
335
212
18
13
44
71
108
564
272
320
217
230
216
170
170
147
106
29
16
