136
181
192
259
210
197
375
436
405
407
353
152
290
290
290
257
299
299
194
200
181
159
263
162
155
154
58
58
58
220
79
167
118
89
238
203
201
185
159
349
426
341
235
245
232
232
232
481
485
220
301
276
276
301
193
294
270
148
148
143
161
143
101
354
461
455
474
275
275
206
201
126
126
89
116
116
254
191
195
268
268
408
408
436
436
412
264
357
403
444
462
462
271
158
354
77
77
391
391
290
297
263
371
344
274
335
335
328
96
368
368
368
390
425
381
462
382
124
107
190
312
265
186
195
116
156
158
88
88
155
239
224
219
135
65
223
222
222
238
98
60
197
330
226
345
283
355
428
428
282
299
299
249
217
217
228
228
125
125
204
193
201
201
209
223
213
285
361
354
354
427
230
230
196
167
186
229
444
436
436
436
436
369
351
249
249
98
98
65
65
150
65
65
215
304
320
125
142
120
308
