0
0
445
445
376
383
380
380
380
200
233
233
4
70
4
260
260
260
260
260
409
409
433
384
433
433
433
250
235
201
302
307
242
37
37
34
199
70
34
34
31
120
120
120
120
521
484
40
15
41
270
270
293
516
516
243
190
195
278
273
291
64
564
591
591
622
422
552
445
447
447
374
155
124
84
61
61
108
436
555
555
555
555
555
512
537
636
636
636
636
636
636
642
494
494
295
295
604
561
544
600
646
506
499
499
506
570
449
646
646
646
646
646
593
593
585
618
588
451
509
509
509
594
594
556
20
404
394
264
493
449
493
541
582
579
452
452
452
487
487
499
420
420
185
185
277
290
375
375
354
438
87
595
607
536
63
15
200
212
409
405
405
395
337
417
500
500
368
333
355
420
420
286
368
194
209
233
243
333
421
421
425
425
360
348
550
522
522
593
632
598
598
493
538
598
593
593
549
593
627
