0
0
0
0
0
0
287
276
56
56
198
138
79
79
429
286
288
433
433
490
578
557
557
565
565
289
289
300
300
267
39
107
309
309
309
244
135
443
544
554
554
531
554
546
546
535
535
323
512
552
552
552
552
579
536
545
571
604
581
604
527
435
504
489
531
267
267
295
635
635
635
641
603
456
493
395
120
120
120
120
203
130
191
221
521
521
564
564
174
174
468
501
324
585
585
609
597
584
516
382
313
391
381
534
534
390
631
490
623
539
401
406
406
365
368
368
452
434
393
518
261
254
254
315
448
448
450
494
369
222
243
139
440
457
306
227
312
367
148
33
33
33
33
33
415
280
266
211
173
33
33
144
119
150
188
126
143
33
77
168
91
193
151
33
116
586
569
577
494
427
213
403
437
382
447
457
531
327
631
631
631
600
600
609
609
474
469
607
607
479
376
376
376
315
315
347
51
51
51
155
