414
268
310
215
0
45
456
456
477
516
475
14
234
308
377
563
577
488
3
199
199
394
515
508
475
525
541
574
523
502
404
258
285
27
27
26
26
26
26
26
141
310
398
454
454
175
357
447
347
349
349
522
515
251
251
256
354
294
169
166
166
163
253
253
253
144
144
144
129
129
318
536
536
641
641
419
421
383
93
73
73
73
185
185
546
413
413
413
413
344
244
481
457
503
186
161
163
196
196
554
637
370
244
268
641
641
582
641
641
641
606
606
478
351
330
608
178
178
178
178
251
251
251
236
230
312
488
488
90
148
131
444
444
444
516
516
570
571
571
571
299
348
318
251
175
175
206
217
330
403
373
172
243
376
335
569
334
334
334
334
346
444
294
330
568
568
489
480
602
249
433
429
455
440
213
189
440
420
440
440
412
432
463
463
376
186
149
149
149
167
167
167
125
26
26
159
159
196
230
35
