315
538
284
318
303
397
397
397
412
412
378
321
326
416
382
415
449
569
446
26
26
200
211
200
343
628
578
578
628
627
627
612
613
613
613
628
410
410
320
320
312
312
312
312
312
215
215
299
291
425
291
277
50
253
338
338
338
335
142
44
38
38
38
269
418
482
394
437
434
434
434
434
446
512
512
503
620
75
75
180
180
205
195
344
108
108
108
64
48
49
49
49
49
66
188
188
188
49
56
56
56
474
566
135
111
166
355
297
412
295
522
281
609
609
537
609
612
612
612
612
612
612
574
612
612
612
614
614
614
614
515
506
441
441
441
361
361
310
414
414
414
414
203
203
367
376
405
9
128
18
478
478
478
497
270
177
177
202
222
142
0
0
0
49
49
136
136
97
97
87
243
210
210
248
248
335
220
220
6
6
21
21
21
153
485
508
537
530
575
575
623
623
256
548
513
531
472
379
379
520
