0
0
0
23
23
174
216
193
214
214
234
250
250
366
420
513
629
629
629
587
517
372
250
269
505
598
630
632
632
632
463
339
632
632
618
477
477
485
202
202
137
175
203
323
69
170
153
153
162
294
294
279
614
643
643
601
601
611
611
167
167
162
393
386
253
315
625
599
599
599
599
599
359
437
340
247
184
165
165
165
165
165
97
97
114
88
74
466
466
344
344
521
521
502
634
583
447
287
295
302
302
188
163
145
204
448
449
482
256
374
374
538
284
284
239
251
251
265
288
610
91
91
258
298
25
129
129
348
123
125
104
278
285
253
469
297
273
273
107
110
69
69
69
416
383
391
391
429
436
402
301
290
317
362
217
214
354
422
316
316
320
320
391
305
305
196
196
313
164
185
233
413
292
450
306
218
218
291
359
335
320
94
370
370
370
370
369
369
251
236
2
32
256
121
91
2
303
303
174
174
