51
51
1
113
57
491
540
549
555
523
612
315
293
293
435
436
428
447
431
585
571
204
280
280
56
55
55
55
123
86
86
86
122
334
334
334
334
396
267
425
462
164
197
217
353
524
51
43
418
605
605
619
619
597
597
504
597
597
530
530
331
420
295
464
210
469
521
521
496
503
318
165
352
334
340
503
329
435
469
457
210
144
322
357
234
234
415
434
359
359
84
84
324
324
323
236
7
7
67
67
142
164
148
483
175
95
264
189
197
197
331
71
500
520
520
94
94
79
455
455
455
448
373
411
310
323
262
229
163
120
255
249
249
249
238
356
363
170
217
210
412
379
308
45
349
221
516
263
397
456
196
98
116
234
501
501
500
461
472
472
507
507
608
512
512
421
358
358
476
390
557
49
258
241
341
389
190
190
212
134
134
504
264
357
332
244
177
180
162
601
601
601
570
601
462
426
482
618
618
186
