0
25
25
538
421
437
221
221
373
286
335
362
448
163
194
174
174
174
380
295
295
98
98
98
98
634
423
634
478
478
407
461
461
634
634
634
530
510
521
298
293
289
287
149
64
262
149
259
363
486
237
237
543
37
37
37
91
193
195
513
427
464
506
531
531
111
284
505
491
491
486
616
354
329
329
329
354
532
383
331
239
195
148
478
557
592
343
381
468
488
532
536
536
456
453
477
559
392
552
495
438
499
298
298
49
97
66
255
237
237
66
147
147
482
434
154
151
389
433
495
495
495
495
55
336
277
185
95
55
290
290
290
342
601
601
601
196
196
196
196
196
629
626
626
626
626
423
604
118
80
80
15
15
399
92
103
103
103
103
22
19
310
19
150
150
139
139
164
164
139
139
62
62
172
221
189
512
477
477
448
559
559
638
641
641
438
380
154
154
215
405
427
169
169
26
86
85
84
85
80
