29
197
177
177
202
340
345
444
444
444
523
391
422
455
459
463
415
415
415
379
523
512
156
518
518
518
518
615
332
211
360
360
442
148
199
165
395
398
574
570
570
570
468
423
245
9
9
9
133
9
22
194
181
460
460
435
348
376
482
417
556
556
556
631
646
646
646
642
642
649
649
501
326
504
497
497
497
324
405
444
416
497
484
299
417
588
615
615
622
641
641
642
642
649
623
624
579
579
605
605
605
446
416
419
449
47
39
213
443
475
494
200
109
172
169
169
172
183
368
521
506
133
298
445
449
449
599
599
566
525
574
291
148
378
417
608
485
34
34
34
34
5
19
16
17
17
17
424
424
28
230
28
28
48
48
261
274
203
360
335
335
509
197
607
607
607
607
604
208
461
461
490
546
564
546
387
387
589
589
147
339
434
215
207
125
180
306
156
156
419
419
268
268
610
290
472
472
472
385
381
