0
0
230
413
173
173
95
95
95
233
18
0
76
429
509
507
481
505
417
422
533
533
352
295
295
18
290
546
546
421
568
568
504
443
304
522
476
476
556
442
442
442
463
490
490
509
509
514
570
570
570
592
592
592
592
592
611
390
377
268
268
119
319
258
372
273
375
221
112
112
463
463
446
446
446
280
280
370
599
599
339
339
423
417
538
538
284
284
284
369
585
439
617
617
539
539
539
539
616
294
398
398
189
194
232
232
267
104
104
90
152
152
152
195
172
172
447
593
412
412
412
414
234
373
373
409
586
313
58
198
173
462
462
650
654
654
654
242
360
352
300
360
360
512
352
406
401
124
398
398
464
470
470
211
196
148
108
254
254
241
31
60
60
31
29
29
61
61
32
339
339
536
460
251
408
542
542
249
617
359
366
368
382
395
395
305
331
320
321
525
209
302
321
211
217
217
251
461
403
403
