9
9
441
323
439
557
500
511
528
560
400
412
418
418
323
295
288
344
291
330
291
181
116
112
191
191
329
265
342
603
603
646
460
314
307
279
474
509
547
301
572
572
302
480
494
549
549
549
549
348
627
627
627
627
627
627
620
541
554
487
487
553
627
627
203
319
354
238
83
33
222
194
113
269
282
261
108
102
211
78
78
61
177
339
61
78
119
193
193
140
109
178
109
255
255
530
530
530
104
104
104
96
96
96
90
69
294
337
337
476
476
476
501
501
501
501
535
535
535
539
539
364
364
258
258
433
503
605
361
72
87
259
304
366
121
92
228
561
125
306
293
251
285
335
181
316
572
572
538
96
265
238
369
369
267
312
312
302
302
145
145
52
490
490
553
553
395
395
395
522
607
460
460
472
609
307
307
600
606
615
628
620
338
320
82
82
245
206
275
281
369
328
487
133
43
43
371
103
103
103
