0
0
0
327
314
273
273
128
348
399
399
399
431
174
174
46
91
91
391
350
350
370
473
473
452
418
418
358
391
155
360
102
62
62
62
85
88
86
150
150
60
60
60
60
74
254
254
323
334
334
210
210
73
60
60
181
339
298
296
451
8
377
164
164
164
140
214
76
76
152
188
279
266
266
266
177
177
456
470
470
442
220
131
131
131
74
159
269
321
333
350
350
350
133
173
178
175
120
153
166
197
197
231
257
244
278
279
279
279
124
185
257
226
257
357
21
309
324
340
369
369
369
193
193
193
193
85
365
413
413
413
413
262
137
294
324
324
324
371
371
504
302
302
352
272
396
219
184
49
161
41
24
28
28
233
300
322
413
480
41
325
319
406
426
426
391
381
355
330
366
354
403
414
202
202
414
415
415
285
308
251
448
503
503
503
295
237
276
350
350
331
331
315
24
24
24
35
233
233
295
