0
0
0
0
159
215
562
562
301
205
258
244
183
247
247
74
74
53
62
588
303
303
303
303
303
297
267
237
295
355
399
378
424
424
411
164
155
233
214
185
613
613
613
613
430
625
82
4
4
362
257
286
78
294
294
60
60
60
245
249
249
516
516
516
515
515
485
336
204
169
121
208
97
305
287
287
315
509
326
439
238
203
226
550
597
597
597
502
596
524
540
571
398
306
364
569
271
129
272
377
368
362
324
408
386
386
435
435
146
513
132
338
338
368
250
343
290
290
290
288
505
519
519
486
370
480
615
365
170
156
15
15
15
15
161
287
157
157
23
292
38
38
86
208
272
272
305
182
263
254
219
219
219
208
402
439
439
471
471
471
472
357
487
602
602
609
609
610
610
533
533
533
561
561
254
373
361
337
139
148
467
360
559
365
365
140
276
276
177
345
452
212
212
588
542
542
529
551
517
530
