261
73
128
89
105
13
24
24
24
24
13
169
169
169
160
156
208
191
191
144
66
113
113
107
107
72
91
91
79
224
230
59
64
42
42
42
42
42
54
49
88
88
107
230
301
358
188
188
271
457
457
416
202
222
119
183
6
506
477
506
506
506
345
424
451
326
417
210
210
240
316
425
47
328
407
407
358
348
73
345
234
358
254
295
392
398
397
400
346
607
553
563
607
613
613
613
613
603
574
613
613
613
613
557
576
351
331
251
203
212
249
262
128
114
176
124
179
179
296
312
332
332
289
173
173
157
54
54
200
252
508
508
508
508
54
54
177
443
338
338
426
564
598
328
479
479
453
453
443
296
296
334
349
334
650
650
546
546
546
546
436
436
108
108
266
286
347
341
337
337
337
337
219
233
233
85
85
85
197
85
220
290
148
255
163
321
396
396
363
284
275
256
345
345
422
355
363
618
134
302
