125
125
223
372
354
382
310
310
362
140
140
64
173
282
65
94
246
245
46
46
7
7
386
387
387
366
102
102
9
33
29
5
123
276
276
350
410
292
329
426
426
471
471
471
393
341
263
314
73
211
508
508
508
507
328
496
496
496
311
75
107
497
497
501
501
28
28
28
28
4
218
407
403
422
426
503
503
518
434
434
370
416
208
534
595
595
595
589
446
446
187
187
164
11
153
144
144
238
491
470
470
324
200
213
341
114
35
89
89
274
285
358
321
315
200
54
222
222
213
380
610
602
610
494
494
422
422
422
353
457
393
576
504
521
521
232
1
136
1
1
1
174
134
134
195
614
614
614
614
563
563
477
222
142
142
419
320
317
274
274
307
307
274
280
330
366
447
269
20
291
393
400
490
490
452
149
149
4
105
105
17
17
202
179
248
200
86
5
5
5
5
5
4
88
224
224
214
217
91
83
