0
0
0
141
153
153
153
153
498
505
522
165
355
364
364
546
221
183
183
183
194
165
278
268
167
351
305
295
323
130
323
513
305
165
203
203
196
228
563
563
434
436
174
180
398
310
154
21
21
21
21
92
589
505
552
572
603
511
522
331
631
602
599
471
474
628
450
275
440
459
468
275
198
262
484
484
480
649
632
632
632
632
536
536
490
250
250
276
626
593
466
484
421
634
634
480
480
412
412
103
198
224
255
78
27
74
398
510
469
469
469
441
394
387
387
423
423
394
630
599
240
197
406
413
480
384
126
100
162
111
443
529
529
465
495
480
434
480
370
480
328
347
347
378
546
546
546
399
270
371
284
323
265
298
427
195
419
645
645
415
433
301
253
253
200
550
152
176
176
173
173
126
14
14
14
14
276
261
247
14
120
238
256
240
192
366
366
406
530
588
584
273
301
301
278
278
264
384
192
270
