0
17
167
174
104
104
24
24
197
153
164
179
467
322
355
51
63
52
52
201
433
433
54
54
388
388
388
388
387
239
239
417
151
181
323
32
274
274
255
133
24
24
261
511
504
471
471
471
251
212
283
283
237
282
280
213
241
275
295
43
43
43
43
415
119
91
91
15
15
4
10
95
95
63
59
59
521
250
314
519
520
381
404
406
561
371
371
335
501
27
247
89
50
0
14
14
67
61
146
146
146
132
190
195
124
126
490
351
191
80
80
80
80
127
127
80
81
392
424
206
202
176
423
479
278
346
357
397
397
261
222
456
167
167
88
335
328
291
386
386
538
538
575
575
575
575
392
411
96
96
96
96
385
385
385
400
421
495
167
129
90
380
271
234
151
260
268
268
127
16
18
457
463
63
74
74
74
373
436
419
17
17
91
91
222
222
212
187
336
262
257
102
189
189
268
268
268
420
29
208
