0
5
220
358
0
0
0
131
168
133
197
195
143
173
395
364
364
365
358
478
478
363
277
277
277
363
363
563
495
592
368
368
111
111
111
334
334
247
247
79
108
72
120
86
38
58
46
46
46
38
38
38
38
153
153
363
94
233
334
160
117
116
271
271
335
335
28
166
166
166
319
336
604
365
365
484
484
219
312
242
39
82
328
236
423
357
391
388
434
416
431
421
412
448
262
22
17
17
23
17
245
467
463
463
440
491
486
494
474
543
559
559
546
523
523
523
557
557
557
557
608
608
455
637
561
475
475
270
325
325
348
374
216
334
334
329
329
217
217
217
147
147
80
124
124
65
317
317
363
296
296
84
104
30
86
10
394
394
394
394
318
344
23
11
126
642
271
25
25
25
25
306
18
18
382
382
210
210
171
92
92
122
149
433
433
379
126
126
72
72
72
526
477
477
492
548
620
193
510
581
