0
0
0
0
0
217
478
304
311
442
80
80
130
207
223
222
196
405
334
334
345
607
585
462
624
624
532
532
549
566
487
516
550
294
381
316
272
341
288
288
452
389
408
242
144
98
39
39
46
260
215
215
140
140
140
413
360
155
311
463
429
429
493
521
521
85
85
267
267
211
422
411
364
403
417
298
298
142
142
252
434
303
303
272
286
442
277
277
277
192
265
463
408
433
433
555
393
366
453
453
395
252
310
252
291
407
434
403
399
496
433
393
53
53
569
569
604
604
604
176
149
167
488
497
563
563
406
449
449
603
603
603
603
603
342
328
611
475
475
14
142
138
247
323
327
327
310
452
647
444
647
570
570
556
206
495
593
586
586
355
384
109
80
80
80
42
115
359
247
308
443
555
484
594
347
366
219
135
243
340
340
443
627
627
348
365
323
323
323
609
451
631
331
392
208
42
42
34
508
505
