283
283
164
164
554
554
554
554
260
596
541
541
541
401
24
24
24
24
24
166
166
184
166
166
166
166
12
12
192
297
117
64
69
66
25
25
25
162
102
225
225
566
577
513
256
182
232
232
232
339
136
136
136
136
3
3
3
237
350
365
383
383
292
18
18
79
79
109
94
94
94
94
108
117
115
115
115
28
28
73
345
395
511
511
360
531
531
269
401
416
398
630
631
631
631
631
503
448
159
159
159
238
246
238
415
415
495
495
266
36
103
129
96
260
518
404
404
487
371
371
180
180
180
176
514
514
241
70
135
135
105
304
561
639
639
505
352
354
354
467
376
338
443
495
298
298
298
546
411
411
523
417
296
323
336
465
347
517
401
329
342
623
623
652
560
530
397
403
73
145
145
152
152
255
434
511
511
511
35
35
0
208
220
223
259
345
345
305
305
417
239
214
226
395
143
163
195
270
178
438
