350
358
362
222
271
229
459
459
435
383
357
356
252
252
172
106
183
467
214
93
109
225
226
226
263
146
130
355
283
283
93
93
59
59
59
314
166
330
351
135
204
38
30
30
30
30
134
134
233
573
573
613
334
456
216
150
415
427
437
437
408
395
404
371
134
38
38
38
38
78
37
37
196
231
220
398
137
137
114
114
124
201
373
306
105
359
410
533
540
540
540
540
245
270
270
490
611
528
491
380
437
460
619
232
259
391
538
494
491
414
414
443
457
409
394
394
205
305
362
299
495
389
417
411
585
587
587
567
567
424
448
468
264
264
114
233
67
67
67
67
364
335
335
274
361
361
421
437
366
593
593
593
598
598
560
407
361
341
371
353
440
509
565
42
42
42
54
86
81
81
288
115
73
325
290
288
232
349
349
348
303
108
148
234
77
77
63
63
277
277
358
469
365
365
527
607
607
155
71
314
