17
17
17
121
38
38
103
181
171
161
56
276
179
182
305
404
252
252
95
142
95
472
392
171
171
159
181
92
122
211
211
211
158
211
197
157
157
0
0
18
18
59
0
124
188
362
362
444
239
234
361
314
307
0
246
257
438
418
208
188
188
93
390
390
246
502
239
0
0
25
25
212
25
25
25
25
25
25
28
308
321
44
44
579
355
574
407
438
419
602
602
434
399
505
148
148
148
212
212
242
209
531
344
66
202
442
612
612
636
244
117
50
50
50
394
397
294
377
352
357
115
50
205
52
52
52
325
418
117
178
82
179
179
179
179
193
179
138
138
384
29
29
29
0
0
0
9
510
545
579
579
579
579
579
515
555
526
558
193
173
26
280
0
0
0
0
86
86
368
279
72
240
330
331
347
347
355
201
65
367
367
367
246
104
159
159
508
414
520
455
125
125
125
234
234
289
251
191
111
379
