98
98
98
95
95
95
95
95
76
415
398
398
110
202
209
209
20
19
19
19
0
0
0
76
76
76
138
326
326
326
308
158
158
217
251
275
58
24
54
24
18
186
167
161
336
438
451
332
332
134
48
70
449
393
248
248
97
183
64
64
64
37
273
304
252
421
421
425
378
442
413
114
83
83
155
155
83
83
83
83
64
238
463
463
482
482
482
275
209
209
239
399
407
407
196
196
113
261
186
265
267
344
236
236
163
159
166
165
426
439
440
440
431
478
361
124
228
263
263
263
463
463
361
413
413
447
457
457
458
458
308
135
98
207
227
212
212
153
229
235
242
175
98
27
71
71
77
97
97
97
174
242
228
315
315
300
322
322
327
329
310
316
317
341
75
72
259
208
311
273
276
327
206
245
98
464
320
338
316
338
482
470
349
328
328
314
156
324
324
324
324
312
312
490
490
490
490
274
274
193
