0
65
65
102
200
202
420
53
72
45
105
202
315
315
307
348
212
262
171
47
47
193
201
201
201
451
417
386
386
342
243
243
338
319
327
541
458
458
458
549
613
245
245
245
76
549
549
549
549
549
478
388
388
425
426
531
531
46
46
48
48
529
537
537
582
490
470
249
494
549
502
562
549
350
350
206
420
161
161
161
313
295
308
270
279
279
288
354
361
343
278
278
104
104
104
83
83
286
166
166
137
93
60
61
61
49
58
58
127
214
118
166
286
79
77
77
488
488
456
491
161
82
82
82
82
82
82
82
78
90
576
449
353
420
438
436
459
578
324
321
292
201
201
189
234
234
240
593
109
422
440
437
406
476
577
577
584
584
221
198
253
130
75
75
75
75
308
308
300
275
200
275
206
496
415
577
98
147
147
114
134
134
70
19
41
408
226
385
57
57
57
163
95
81
81
98
38
201
273
314
