585
125
169
169
55
433
242
260
246
431
550
564
163
383
386
394
219
219
420
196
153
175
276
46
46
366
366
149
149
149
342
449
385
266
245
98
86
368
200
131
144
10
369
480
480
480
513
482
482
236
133
57
92
140
141
162
162
246
205
367
367
377
395
397
469
469
49
49
491
457
49
49
73
77
399
343
297
309
309
334
382
453
527
527
418
387
521
521
656
149
149
278
184
189
207
626
627
591
489
627
627
316
318
271
471
502
550
460
488
406
238
315
335
400
340
337
329
234
226
443
615
419
312
240
390
455
392
395
612
517
644
614
644
644
644
535
535
533
656
656
453
441
441
621
621
621
621
322
187
187
415
489
380
237
237
178
178
292
297
225
0
0
0
0
54
185
171
359
392
268
272
362
521
521
389
389
389
307
439
367
121
121
121
121
44
44
301
400
312
336
518
203
200
148
77
77
77
77
62
33
