174
337
337
337
352
297
502
502
502
502
447
447
254
241
190
502
502
248
248
492
257
281
254
261
261
290
397
397
312
137
77
77
82
82
250
325
131
205
153
309
548
463
290
280
529
519
519
261
326
219
294
464
475
206
431
431
431
555
558
520
380
240
454
592
592
434
440
550
598
365
274
274
275
365
377
606
625
625
625
625
563
144
190
221
287
311
317
259
352
352
352
221
111
108
108
108
108
108
108
110
108
108
190
174
174
174
150
73
73
88
92
208
77
77
97
77
118
107
107
63
400
129
367
525
487
443
384
384
460
460
410
299
318
335
594
616
616
616
256
155
149
195
298
298
372
424
507
598
598
411
479
478
493
349
273
273
258
215
157
107
107
107
482
482
481
430
291
291
291
112
25
25
504
468
534
446
324
648
629
474
474
122
238
354
138
139
493
493
479
428
428
232
305
238
138
561
490
506
207
185
