0
133
419
437
437
241
337
337
337
359
373
43
144
144
62
62
116
76
108
85
85
85
85
482
465
465
464
401
401
329
128
128
109
137
136
26
26
26
26
107
9
9
9
9
9
134
166
142
169
170
464
429
429
429
543
553
575
575
429
378
449
444
18
122
122
64
64
135
100
93
414
414
397
397
209
209
209
202
484
335
335
14
44
44
481
460
477
404
428
434
194
194
122
268
268
299
308
646
531
489
489
489
298
281
281
125
420
420
246
262
267
267
236
255
239
239
73
73
73
333
149
70
70
103
224
241
488
488
559
479
479
623
237
237
243
258
191
199
572
552
552
552
649
28
156
156
253
293
466
400
448
390
390
390
248
140
28
28
28
28
93
93
492
492
492
113
108
32
49
32
101
136
118
288
420
420
313
321
181
158
162
141
22
22
61
424
160
151
151
151
151
183
181
181
181
371
396
415
283
302
