0
0
26
74
91
192
17
195
0
0
25
0
0
76
573
573
464
464
464
464
464
464
304
334
415
442
442
449
467
411
355
383
383
402
333
555
428
299
246
378
378
181
181
161
86
44
44
44
0
28
76
76
105
289
548
277
277
216
185
62
71
47
38
10
464
417
213
213
193
186
186
8
8
8
8
8
256
278
278
236
380
380
378
378
402
149
119
111
111
111
397
397
361
497
368
368
341
340
468
235
446
464
482
244
299
211
211
226
315
315
389
395
422
81
340
558
383
656
634
634
634
619
517
576
518
348
344
639
660
660
660
660
524
660
667
409
661
664
485
489
466
466
535
546
578
670
584
530
670
647
449
670
544
544
670
670
561
587
183
239
239
239
231
157
395
384
284
322
309
268
483
488
488
232
128
196
169
331
285
216
216
266
266
266
266
111
111
168
74
164
164
218
74
127
127
50
224
317
225
324
