460
484
388
261
252
389
155
154
212
443
438
473
473
473
564
564
564
564
85
85
40
40
330
75
329
121
121
279
528
528
528
555
290
304
274
34
34
121
65
123
176
259
411
436
423
569
111
473
323
336
33
33
45
458
0
0
35
187
71
71
71
284
284
434
434
423
471
482
482
556
534
540
540
562
409
409
370
409
409
380
171
171
208
57
57
57
57
1
171
225
183
150
102
239
187
440
278
128
260
279
204
240
586
586
586
586
565
604
604
604
626
626
441
441
232
297
286
491
421
250
607
607
479
469
466
361
395
130
306
395
395
440
440
395
575
575
575
559
343
448
621
601
459
521
556
567
592
612
621
621
621
629
629
600
600
589
589
589
592
603
544
592
567
223
591
591
495
521
468
504
504
212
493
102
75
75
75
75
115
154
114
328
389
389
460
460
476
487
518
490
318
282
408
457
457
483
291
379
379
430
