422
394
455
571
311
311
487
227
155
0
36
222
496
536
279
29
29
134
319
319
319
26
174
168
185
185
26
229
229
177
205
205
336
169
324
319
199
150
150
150
373
261
262
292
341
293
230
222
291
422
452
448
535
453
442
292
226
361
520
526
543
543
566
506
519
213
272
378
631
485
512
512
512
376
378
377
496
549
551
564
564
242
231
236
246
174
174
254
362
344
209
529
589
650
308
237
238
656
209
151
128
128
128
128
89
132
152
365
402
335
345
359
359
431
196
85
85
21
21
381
161
21
71
71
437
406
222
460
507
507
174
174
278
620
533
120
452
462
482
482
139
137
254
152
152
200
331
339
375
358
356
356
627
627
649
517
165
163
163
163
337
649
661
661
520
586
586
501
346
217
175
153
293
307
439
128
128
258
260
191
191
190
135
135
194
93
83
184
245
245
116
116
218
217
160
160
148
84
141
69
