0
4
4
4
4
4
117
117
190
316
442
258
207
113
113
164
133
316
316
405
462
545
397
411
412
90
233
162
97
97
328
313
170
177
335
335
107
338
416
247
324
305
305
319
319
470
470
81
81
0
0
0
114
348
367
429
452
58
33
33
33
181
91
99
99
99
311
287
0
0
116
146
252
510
518
518
84
34
28
41
41
70
41
50
381
381
621
621
621
429
403
466
492
409
547
223
331
329
329
328
164
164
242
262
501
513
513
513
416
531
657
650
572
572
357
254
254
466
577
301
194
194
113
113
113
638
638
640
640
640
640
640
640
640
425
628
628
232
299
324
287
291
286
164
478
2
2
101
195
226
146
132
151
240
240
373
139
285
139
139
306
363
104
104
104
104
283
283
445
445
518
518
396
396
377
377
10
413
333
333
136
99
99
99
205
205
197
182
184
236
518
444
401
296
225
441
482
501
388
612
