0
0
0
50
123
108
74
0
0
81
30
31
31
305
140
191
355
507
177
181
181
181
190
190
195
520
520
458
380
181
349
225
47
172
370
349
349
323
554
436
431
431
470
529
429
429
199
170
175
167
167
167
167
570
411
419
443
92
92
92
392
182
200
200
385
385
412
267
245
417
336
541
624
624
465
465
330
407
639
594
594
488
488
611
230
230
230
247
247
230
227
557
608
608
608
486
421
388
388
540
540
514
112
112
149
149
324
324
459
459
604
625
238
161
161
50
50
122
130
37
195
42
151
343
343
342
466
461
417
417
417
425
238
182
62
62
119
119
81
70
261
23
429
428
362
538
449
449
449
286
328
298
299
204
439
241
253
329
492
452
248
248
39
0
173
175
523
335
335
456
456
498
612
508
516
217
224
199
329
180
173
173
465
465
373
373
277
542
522
430
430
411
411
352
317
615
384
384
615
506
