88
339
339
426
444
444
455
311
294
329
330
375
419
289
582
582
196
521
582
219
202
9
460
378
11
191
200
267
266
201
501
626
626
619
549
93
0
29
29
352
85
85
454
460
176
396
391
173
183
183
497
409
409
345
345
345
152
79
79
334
312
468
478
478
206
200
200
200
200
200
223
223
223
549
612
628
628
628
495
549
338
338
229
284
312
231
281
154
461
516
516
452
452
452
365
365
149
282
199
85
99
217
376
440
440
332
332
308
309
369
369
386
92
92
189
376
395
420
429
658
658
658
658
658
16
16
16
16
25
93
93
93
89
25
80
76
99
191
191
444
444
444
423
423
165
92
261
261
175
387
559
598
523
452
419
431
462
621
68
36
36
123
309
82
86
86
110
131
140
529
519
494
587
619
439
439
600
635
628
563
379
344
103
103
366
366
606
326
307
366
330
330
259
236
183
400
400
425
425
94
