159
273
432
432
346
432
414
163
139
129
0
0
8
203
195
160
232
157
42
39
48
13
127
127
127
78
78
212
315
356
356
356
262
252
252
252
252
252
325
394
249
241
386
432
432
453
460
440
490
490
490
141
79
74
74
192
249
191
320
402
402
390
390
291
283
294
149
117
157
146
117
57
24
269
80
140
346
356
451
440
318
302
304
304
199
211
449
499
499
499
470
401
364
314
411
411
503
503
400
101
90
90
116
123
123
123
193
199
417
426
291
291
399
335
287
202
241
339
329
366
366
168
305
305
414
401
423
435
442
442
270
472
464
464
406
479
485
388
405
405
403
399
399
498
498
494
494
494
382
395
381
500
356
356
356
356
202
202
174
130
130
102
441
359
318
346
426
392
496
496
496
496
496
496
496
448
448
448
492
492
492
449
472
492
404
486
486
385
471
486
61
61
58
67
67
67
125
132
132
457
