478
345
384
384
463
564
595
642
642
642
642
642
642
642
342
285
214
214
214
344
137
137
350
350
171
110
110
110
34
34
149
174
253
277
158
282
458
439
438
442
496
334
517
435
626
626
626
553
604
604
604
604
539
482
604
604
616
602
602
602
604
604
604
242
581
581
533
533
533
571
227
183
221
183
183
183
207
283
226
524
127
516
473
553
553
400
433
506
127
127
193
386
363
386
147
147
147
248
219
325
514
139
139
487
487
669
669
669
669
662
662
662
662
274
203
203
112
112
391
494
537
484
484
175
144
106
501
535
524
396
402
563
540
511
495
543
531
269
269
41
38
38
278
266
335
391
367
382
91
91
91
101
81
81
81
68
42
122
90
180
421
421
332
385
300
300
300
458
458
458
350
479
618
616
626
626
626
627
627
627
487
451
376
508
508
519
456
204
204
204
270
488
477
119
418
275
224
429
560
149
