594
594
339
276
304
469
469
469
439
336
331
359
191
59
72
72
72
72
74
256
490
490
250
250
211
211
499
565
565
565
477
423
471
483
646
653
363
653
513
536
555
574
505
505
357
468
108
108
108
108
108
479
356
326
299
196
458
414
413
489
411
315
315
324
240
466
476
263
337
337
337
337
337
267
265
240
395
410
431
462
462
303
361
408
408
565
142
378
376
376
294
294
289
305
305
235
374
55
92
63
123
358
354
182
498
153
27
22
19
455
455
409
539
378
378
380
380
44
561
572
564
553
376
376
621
626
591
345
439
384
372
431
341
272
272
31
31
207
207
50
149
149
130
94
116
308
352
283
251
360
237
408
193
193
193
19
185
276
276
446
388
543
543
445
627
627
283
283
259
259
627
646
662
662
662
565
565
312
640
640
662
662
586
349
320
320
453
431
455
462
457
165
146
168
111
219
190
425
320
253
