235
235
409
174
121
222
158
37
50
114
114
115
87
87
87
87
165
248
248
399
540
27
275
181
27
27
94
51
350
237
43
0
0
239
0
0
132
71
132
417
187
283
272
272
256
447
433
470
550
578
578
161
161
161
161
161
161
161
341
341
287
287
11
77
264
93
93
72
66
66
392
195
130
252
316
316
107
499
55
55
300
469
411
247
443
443
476
430
194
599
599
614
599
429
429
300
5
5
5
529
523
496
496
505
475
523
429
429
94
94
50
327
327
427
360
205
208
169
92
44
51
119
134
356
190
190
359
359
536
545
545
545
545
545
545
645
679
510
677
508
650
679
679
679
679
383
307
345
390
384
393
124
111
226
306
286
441
441
441
441
407
364
364
301
407
493
326
291
505
184
523
523
204
183
190
389
334
334
549
514
389
461
473
404
559
559
679
655
655
655
655
653
601
601
601
601
463
509
509
647
