0
12
15
12
0
346
459
436
257
80
80
80
80
269
448
248
25
25
0
0
500
500
500
221
404
141
79
61
217
74
74
207
207
194
449
422
422
421
509
509
517
517
192
192
360
514
587
605
605
605
605
626
339
339
309
309
309
257
257
278
303
303
546
629
221
221
239
395
161
187
187
148
104
104
87
87
435
435
281
281
281
103
128
298
298
318
551
520
52
52
257
317
332
332
387
376
234
414
430
430
438
56
248
515
628
624
576
572
560
472
542
354
355
615
615
628
633
498
504
531
531
612
612
612
618
300
378
509
509
498
382
405
396
396
400
508
477
282
72
163
95
95
94
94
94
41
373
44
61
61
32
87
66
66
397
397
320
320
397
397
537
454
444
552
436
436
436
436
607
607
513
512
505
613
149
149
308
144
144
172
613
514
674
484
305
147
343
346
346
346
346
401
329
268
108
80
80
135
41
125
