250
250
378
412
412
412
412
119
0
32
32
32
32
211
291
112
112
112
32
41
41
41
41
32
32
435
269
653
345
357
318
318
318
443
443
318
511
510
441
629
361
361
336
433
433
433
408
216
394
466
474
515
515
485
485
310
391
391
405
338
338
322
322
336
336
283
283
270
438
438
384
384
399
490
216
16
16
53
53
53
53
16
51
16
77
117
77
77
77
316
316
497
545
593
417
415
461
412
412
364
256
168
350
388
388
388
174
174
175
136
136
284
286
446
450
446
347
473
473
288
288
288
628
507
463
463
468
468
500
607
352
479
382
295
295
295
219
203
203
382
184
513
404
402
382
382
243
243
202
410
407
433
440
448
636
556
404
404
431
427
523
647
647
545
545
399
399
308
294
355
467
467
530
530
530
560
347
461
428
461
399
647
647
345
345
221
204
538
538
583
414
410
397
348
266
266
258
218
223
166
