0
0
0
0
245
360
115
256
357
510
510
512
512
410
410
402
418
418
270
236
505
471
471
507
537
430
571
571
450
450
450
222
222
486
213
213
213
569
647
232
595
549
184
488
495
495
495
246
369
254
254
673
675
675
675
675
276
276
276
305
274
123
123
196
320
458
486
654
654
499
420
464
176
134
77
214
214
91
91
308
283
303
360
351
517
424
424
424
557
550
550
362
362
448
536
538
593
653
554
516
248
248
187
187
162
156
156
156
564
564
447
615
388
160
15
448
505
72
421
373
406
454
346
183
15
15
15
75
15
111
309
225
225
260
584
584
590
580
557
409
404
112
650
526
526
528
325
316
233
233
233
91
91
394
507
507
531
276
155
430
203
204
156
159
146
546
184
184
184
200
275
275
275
234
180
100
488
488
393
488
410
401
434
257
257
257
213
213
236
117
60
37
290
407
403
413
247
13
13
211
