383
361
387
217
55
35
538
19
19
82
300
300
524
263
505
505
452
452
626
626
630
362
527
309
332
389
280
251
386
476
400
435
555
555
584
584
599
496
599
596
387
164
164
65
248
390
330
210
212
171
431
431
431
216
355
259
259
266
258
258
316
60
31
69
158
641
669
371
376
266
674
644
605
605
360
342
484
514
435
406
629
236
236
252
338
328
491
491
491
457
454
472
629
677
677
659
659
659
674
419
494
502
682
682
653
598
557
588
588
62
569
569
66
66
156
77
308
315
229
229
434
380
380
596
173
437
437
538
538
161
161
122
122
52
52
356
190
190
190
163
163
168
8
8
320
340
394
394
412
393
426
322
322
414
407
370
470
613
631
503
472
442
442
347
347
407
587
616
634
277
277
288
575
572
572
562
107
128
535
558
507
491
566
538
426
426
524
525
525
578
578
548
361
103
103
50
359
105
627
628
