185
509
484
600
600
584
506
577
374
375
437
190
55
161
151
135
108
366
296
478
516
585
198
84
75
75
155
161
178
356
356
251
316
399
514
525
557
540
598
546
546
421
149
32
32
150
87
87
30
29
211
333
317
226
21
401
401
401
58
58
50
13
1
80
438
617
617
619
527
536
570
570
582
498
544
549
506
400
400
400
157
157
546
546
546
547
432
428
428
158
475
585
559
559
559
331
613
365
491
521
521
630
506
482
64
31
503
551
409
320
375
413
413
92
148
72
113
506
506
513
627
627
263
429
292
292
501
501
514
514
639
639
249
392
202
424
639
639
639
639
639
664
605
605
547
664
645
645
477
352
509
532
532
389
385
385
385
385
397
217
217
211
449
464
617
586
586
586
664
664
596
414
205
95
283
389
605
604
521
392
181
303
278
183
230
455
530
467
332
366
359
82
82
82
82
35
35
35
35
35
