0
0
0
0
112
232
296
80
314
305
332
298
537
477
507
639
507
204
204
402
402
478
478
462
423
349
380
384
289
117
241
379
206
68
175
386
318
318
680
680
680
674
511
674
674
611
577
520
535
404
385
306
212
109
358
350
160
281
283
297
379
605
605
508
521
572
399
177
177
475
477
133
133
133
513
422
329
328
6
6
80
336
187
15
132
132
403
543
577
596
524
524
596
480
213
254
259
291
151
271
309
258
258
223
57
182
121
83
83
83
83
663
663
663
663
663
485
520
520
519
552
114
114
114
280
391
172
172
168
168
300
306
251
171
171
181
181
316
342
62
46
188
199
500
500
500
461
388
388
388
400
601
609
641
641
641
641
666
666
353
402
471
436
267
267
429
220
510
413
413
356
145
340
340
338
186
394
326
326
326
214
135
135
165
283
263
133
127
301
301
301
301
497
433
183
435
471
56
214
68
