0
0
0
0
535
535
535
535
535
10
10
123
86
136
180
98
429
451
447
287
287
184
184
312
340
383
327
467
421
427
479
554
554
554
554
528
407
407
379
206
186
292
292
365
365
335
251
308
308
381
390
302
542
533
491
331
203
203
203
23
10
108
47
128
332
477
166
166
476
476
476
476
474
168
168
168
279
317
491
469
469
435
360
398
420
413
497
322
327
327
293
165
165
368
363
569
168
171
168
258
666
666
516
294
294
371
371
371
150
239
239
151
138
451
451
504
500
453
592
471
418
466
619
666
666
666
557
432
405
411
333
333
344
336
373
533
505
378
213
268
268
234
221
55
199
184
184
199
415
164
164
151
90
128
128
104
66
66
550
552
354
345
505
203
207
165
169
192
162
162
162
230
230
230
407
411
420
206
206
298
597
533
534
600
389
389
389
193
444
422
601
601
601
601
601
662
655
665
72
72
