79
275
306
271
157
211
211
66
62
122
118
189
207
176
200
237
75
75
75
317
317
347
347
347
5
5
5
208
229
229
229
229
465
454
454
454
404
312
272
272
169
181
149
326
293
372
297
410
410
412
144
323
323
203
48
48
38
38
46
62
46
38
68
131
131
132
124
207
207
197
345
172
172
161
161
161
159
20
258
266
239
232
298
423
437
182
488
284
284
148
167
367
162
162
370
336
84
126
101
107
427
427
427
307
215
221
238
238
86
395
273
273
40
51
22
22
22
46
46
31
234
234
320
288
286
362
510
427
427
473
510
477
37
37
151
151
37
80
93
80
468
499
499
343
343
343
499
499
465
463
262
262
262
314
314
234
234
244
332
332
179
68
68
85
68
26
452
452
452
452
371
339
339
295
295
295
328
201
339
339
350
304
390
296
243
156
403
91
108
181
300
300
276
276
208
224
163
163
97
97
