0
99
99
99
99
99
121
133
133
416
634
634
634
634
329
605
413
420
233
659
659
72
72
72
107
352
352
386
386
386
241
157
176
176
396
396
92
197
511
368
423
423
569
594
626
660
660
660
651
651
517
517
517
517
499
613
613
614
522
490
439
411
374
442
664
345
623
644
644
644
644
644
425
644
450
499
535
535
665
651
404
243
177
146
111
111
642
491
449
257
355
351
353
353
662
662
662
662
520
520
520
54
395
244
303
192
192
38
349
349
210
181
181
195
328
286
108
108
168
181
622
144
144
129
251
144
144
144
144
147
212
264
400
400
400
394
592
552
551
553
619
619
666
666
578
578
350
348
341
341
341
323
386
386
486
468
513
307
303
407
396
92
653
653
386
401
436
397
423
477
563
291
291
291
78
110
117
117
98
98
106
106
317
317
38
38
163
468
210
103
289
289
538
464
466
466
466
447
447
447
