0
336
336
281
244
374
638
435
197
197
197
105
105
356
109
109
331
331
536
536
458
442
365
520
480
452
442
400
442
451
507
511
357
229
205
205
425
148
235
235
305
432
16
16
211
211
262
308
308
496
321
321
270
252
229
148
15
15
408
135
133
127
462
614
614
399
232
232
144
144
144
144
144
68
613
613
554
373
550
574
280
660
665
549
462
418
183
183
319
218
208
399
43
205
205
182
98
148
148
112
112
452
67
34
34
63
63
188
189
409
306
180
38
413
76
213
213
371
371
371
371
435
287
443
443
267
343
620
620
620
534
534
317
81
81
91
63
63
269
257
206
206
401
212
271
225
141
141
155
310
366
653
451
206
206
206
240
672
436
557
432
436
514
514
263
551
551
533
396
461
593
501
158
125
532
141
277
307
78
78
78
78
196
321
320
522
559
569
496
496
569
106
106
149
154
88
316
316
188
146
