0
0
0
116
116
135
332
320
620
620
620
430
550
573
232
235
187
187
366
365
465
553
548
542
200
200
45
103
159
159
126
126
427
427
316
316
320
247
305
528
528
528
510
448
451
305
426
310
300
269
438
168
85
483
483
480
495
454
383
233
233
274
237
247
485
552
552
552
552
557
557
551
551
556
556
532
532
532
532
455
455
455
455
456
455
318
328
323
397
460
537
273
338
197
296
294
209
225
225
185
178
259
326
329
329
248
286
124
63
60
60
354
329
136
136
72
72
72
197
516
442
54
243
431
343
126
664
344
190
128
91
163
163
144
501
501
501
473
532
532
533
518
518
518
518
313
309
211
643
96
166
166
656
656
665
583
536
536
564
583
583
370
338
338
303
347
541
564
537
614
623
615
322
476
346
328
201
201
246
246
171
171
614
616
266
279
279
374
245
221
221
502
418
561
430
444
85
76
205
216
