13
0
0
89
199
199
130
145
152
130
271
250
414
407
169
206
127
367
381
381
556
348
348
462
227
240
533
378
290
355
261
90
93
99
117
169
227
130
130
455
487
651
533
542
660
660
660
660
660
660
660
470
279
160
450
500
376
521
373
373
305
80
178
10
10
41
66
143
143
278
278
278
264
371
371
371
310
310
166
166
61
61
474
252
252
143
206
206
306
465
529
529
607
607
607
607
435
185
185
185
45
345
298
417
600
337
467
598
519
519
358
458
324
362
232
240
174
174
170
207
203
318
265
40
3
355
378
377
377
453
453
415
337
60
208
325
477
551
476
476
476
476
372
320
320
82
119
119
75
40
40
40
40
483
40
40
188
188
188
125
40
96
146
96
77
115
115
227
227
202
158
155
135
290
105
105
436
446
390
395
395
288
395
515
504
509
583
395
395
423
282
282
351
423
423
227
227
28
28
104
