0
0
0
139
44
44
614
614
327
327
389
413
688
688
688
686
464
427
446
446
565
530
688
676
688
688
691
524
434
434
464
464
691
453
237
237
299
616
484
484
509
341
226
389
389
383
382
440
512
484
581
198
148
231
418
416
416
626
674
674
353
452
452
483
471
80
80
536
487
536
536
593
614
614
199
199
189
258
110
97
85
370
615
615
615
318
536
615
615
615
437
306
96
137
202
477
402
402
404
661
661
481
556
122
311
203
122
106
20
20
271
271
627
478
349
214
105
105
83
70
512
516
598
631
404
437
416
195
208
366
526
526
212
191
191
191
413
592
592
543
206
521
470
470
420
540
447
172
214
573
361
421
421
284
54
375
27
299
329
288
115
96
295
127
556
575
455
193
189
236
236
16
577
447
370
434
434
641
641
641
641
406
409
560
333
333
22
123
203
209
466
472
472
433
360
360
320
320
336
450
