0
0
66
66
66
66
157
66
135
135
135
346
501
511
504
526
526
526
533
596
454
483
575
264
279
266
530
579
398
379
379
408
397
386
386
386
386
386
398
413
334
415
299
231
231
523
401
327
657
630
637
641
641
641
641
641
641
510
42
84
209
399
169
287
317
603
689
689
689
689
690
638
686
686
690
332
199
81
69
69
212
214
161
116
116
184
194
155
198
260
260
329
329
329
86
86
97
63
86
119
213
253
242
268
226
368
287
495
585
502
641
635
571
571
442
425
444
444
426
452
452
543
328
474
625
396
396
396
588
357
402
402
657
657
380
520
520
395
411
175
156
380
380
242
371
371
192
350
416
416
416
559
559
446
499
255
225
225
328
392
336
598
581
283
283
529
529
529
564
610
288
282
513
513
411
192
507
581
581
586
577
440
509
356
394
630
477
561
371
234
410
324
325
193
340
127
91
438
438
438
