36
540
564
564
545
524
507
637
637
641
635
635
635
641
641
641
369
641
194
74
500
600
440
440
485
593
494
56
56
56
67
552
585
585
585
550
557
273
431
426
567
519
567
453
645
519
624
624
659
659
659
610
610
576
460
223
201
177
177
177
164
383
174
28
227
68
84
356
127
111
232
435
314
46
126
126
105
93
112
179
179
98
135
135
394
352
394
375
375
381
389
381
413
40
52
103
103
228
132
103
342
135
108
245
245
245
245
245
245
233
236
217
127
127
156
127
43
459
608
587
587
587
587
587
0
47
309
348
348
279
424
406
283
476
476
180
298
499
499
499
499
617
630
630
540
669
669
451
451
336
313
197
181
99
141
584
550
550
649
613
503
408
658
658
662
662
316
242
674
674
677
658
626
626
464
464
660
660
626
618
647
655
655
354
354
528
528
528
525
406
313
313
60
151
151
304
304
492
151
151
