142
142
142
142
142
142
303
410
93
163
272
311
202
136
136
136
354
371
440
560
604
604
347
613
591
173
209
195
237
192
192
535
96
70
16
191
180
295
368
368
482
482
419
403
295
295
532
571
586
294
321
106
106
106
106
106
79
79
395
590
595
595
440
345
345
380
325
494
494
489
496
485
425
378
385
425
525
525
426
599
401
156
432
479
624
624
624
624
528
550
570
374
368
355
387
366
381
590
519
524
569
670
670
591
597
597
318
380
380
234
234
273
234
542
443
472
510
510
609
640
640
254
254
254
254
278
466
594
596
360
587
311
199
500
691
691
691
629
629
407
469
453
453
471
504
471
471
485
285
285
271
483
491
630
285
228
209
209
209
175
319
406
406
630
570
566
568
593
521
521
521
521
512
512
523
488
511
456
456
443
439
439
226
65
102
446
409
421
412
473
463
472
246
260
624
624
624
144
141
141
