0
17
90
398
203
237
518
528
596
634
658
658
658
658
667
648
667
135
138
138
162
162
145
231
391
502
520
433
440
560
502
62
98
98
562
105
155
93
21
21
78
21
214
302
305
305
282
479
261
289
340
340
236
242
332
255
148
133
200
163
157
312
119
79
160
160
76
190
190
355
189
372
372
281
369
535
408
375
389
521
312
262
248
148
148
148
156
154
161
161
161
161
58
58
387
597
611
656
656
656
652
652
652
647
647
401
401
401
569
312
436
385
534
317
396
552
264
157
157
166
282
84
280
244
82
66
66
390
436
283
273
273
368
452
452
232
137
433
468
112
170
170
170
137
424
400
583
617
167
344
126
247
291
281
203
203
168
116
274
414
414
29
29
29
7
7
7
7
7
7
7
7
7
67
33
38
174
167
529
342
165
298
104
381
328
328
390
379
156
180
180
158
169
284
453
453
453
427
176
336
