136
28
0
288
381
381
93
496
463
571
231
240
270
250
499
480
290
121
116
116
180
180
201
264
290
309
379
391
346
202
377
472
472
306
241
5
99
296
197
194
229
150
150
294
375
390
390
275
361
157
93
93
93
90
90
568
310
291
291
291
291
619
612
499
167
127
127
361
369
207
206
357
338
404
404
357
332
611
636
589
586
586
626
636
305
408
467
453
364
233
232
629
591
629
574
531
639
571
368
269
213
357
231
231
396
100
272
248
364
565
528
528
538
470
379
379
379
379
379
369
369
247
407
434
445
570
570
570
570
570
397
501
185
185
322
260
259
385
310
397
309
404
435
81
373
668
668
559
559
426
288
70
34
34
122
34
80
18
148
148
175
67
18
444
444
444
328
310
92
197
197
162
64
64
30
30
50
353
353
422
434
435
378
413
413
262
262
263
195
195
55
357
420
302
302
296
216
181
154
394
