3
176
215
331
331
215
193
193
179
0
223
212
212
251
11
274
412
241
0
52
52
113
55
20
440
440
494
451
279
275
275
341
302
423
155
118
109
62
62
78
90
131
191
268
307
150
85
85
110
76
51
61
61
56
202
202
265
265
264
2
2
2
2
121
177
362
359
359
284
284
284
284
487
386
386
288
390
96
89
217
257
265
365
83
112
215
287
115
115
115
238
238
238
144
144
144
138
184
184
352
352
470
470
470
473
444
369
348
81
89
66
420
472
263
263
263
263
90
132
391
363
363
391
200
188
188
124
150
124
5
35
87
87
133
133
210
215
215
18
227
227
313
315
315
341
341
172
171
35
138
177
378
384
384
377
336
319
33
33
105
499
221
221
221
221
496
450
450
374
291
284
288
362
362
198
177
79
189
382
382
382
37
37
27
368
387
256
284
314
437
386
409
285
272
262
51
51
52
52
52
