0
259
280
322
326
326
353
353
185
183
424
277
277
380
381
424
346
346
354
432
432
432
432
432
424
395
295
328
243
243
223
490
490
165
141
332
337
379
387
12
12
12
12
35
39
16
81
83
16
71
71
268
289
232
313
457
356
84
219
17
17
26
43
303
155
412
8
12
12
12
114
339
365
365
360
360
188
262
262
46
44
161
138
85
252
229
77
77
87
236
390
423
423
423
197
465
465
465
189
310
398
398
399
403
398
252
383
389
20
87
136
400
400
384
364
475
314
318
318
312
350
369
152
179
220
220
222
201
340
127
82
82
82
80
48
91
130
91
27
27
29
29
29
29
129
129
114
114
114
114
111
111
111
193
193
193
193
193
178
477
477
466
466
466
464
486
463
280
375
412
347
249
249
247
469
220
220
217
233
260
258
258
258
250
250
365
224
292
287
278
278
265
495
495
374
374
228
441
441
339
