0
41
392
530
530
530
0
0
131
131
437
153
175
360
214
185
0
9
142
221
221
9
35
26
26
219
235
292
474
366
499
537
88
88
114
74
121
121
270
284
257
257
77
126
121
427
248
240
279
281
283
510
278
155
155
47
47
47
47
216
244
245
437
502
47
47
47
162
291
334
218
218
218
218
500
604
497
558
487
560
560
478
512
512
205
237
250
179
188
188
318
339
405
197
242
253
538
695
695
695
695
200
200
261
561
607
607
626
626
626
583
583
399
544
25
40
40
289
40
179
103
148
148
148
148
153
144
131
254
173
152
140
546
546
565
164
153
153
153
357
357
357
354
319
316
316
410
384
384
480
478
581
581
616
680
536
536
552
513
641
236
236
270
209
213
213
435
442
411
558
597
597
519
621
49
45
73
73
111
111
83
83
83
377
377
337
405
312
235
235
235
207
562
562
460
460
461
461
589
589
