0
118
0
35
35
0
121
121
0
0
0
0
16
0
58
213
115
222
398
432
393
429
429
429
443
462
440
90
483
630
630
599
618
618
618
191
53
151
221
277
293
142
119
119
168
24
0
156
216
216
112
313
313
112
112
239
37
37
37
37
111
77
315
406
406
406
406
153
102
102
249
249
217
206
159
191
202
202
302
523
675
675
675
635
633
633
633
675
606
446
410
436
432
517
640
640
457
505
450
632
416
416
507
381
479
445
597
618
452
586
586
586
625
611
327
658
427
331
429
248
411
433
520
680
178
437
490
381
381
310
302
302
178
346
506
502
575
474
440
182
238
583
583
394
411
419
319
237
237
326
292
292
131
66
66
66
21
21
21
21
180
196
255
126
138
411
405
405
440
416
384
605
605
605
605
561
561
411
109
17
17
17
17
17
17
17
91
562
270
270
367
512
340
400
503
134
43
353
605
605
