0
0
0
0
416
442
56
162
29
28
28
200
200
195
174
275
275
75
75
75
75
75
2
2
404
222
206
297
111
51
101
101
101
123
123
641
641
641
641
426
476
431
426
426
490
490
490
634
669
669
669
669
669
669
669
669
525
525
352
384
344
263
550
386
181
277
233
233
233
288
127
127
127
184
331
339
339
625
625
578
591
598
598
616
238
238
276
126
126
212
212
212
212
209
288
266
313
259
357
357
363
256
518
518
603
582
603
623
623
623
92
135
248
510
327
149
143
83
83
84
42
42
86
86
42
171
166
202
36
399
544
361
265
405
405
529
117
276
19
89
0
325
153
153
153
189
495
521
579
629
488
624
643
643
643
643
556
653
445
507
110
110
139
139
139
243
390
327
132
283
261
261
200
470
51
51
51
51
275
337
425
279
279
244
91
91
117
161
363
363
521
148
148
362
232
357
169
172
173
341
