21
21
21
0
322
154
161
120
399
577
231
270
342
342
323
412
461
461
461
450
561
433
433
433
433
585
580
580
511
511
487
24
640
380
136
136
136
138
138
312
255
169
169
149
427
512
512
524
524
524
521
524
395
395
595
626
626
626
629
608
629
531
421
421
421
163
145
293
293
293
473
435
453
324
280
318
246
271
271
189
198
513
603
535
226
230
298
437
437
437
437
437
437
487
487
510
510
510
203
277
85
85
74
74
15
0
0
0
0
362
362
362
208
208
208
193
598
367
355
364
364
314
314
314
429
429
429
46
133
194
630
440
492
492
253
552
173
117
149
196
196
200
254
254
217
397
407
407
232
151
48
634
510
510
560
560
254
259
464
474
555
557
322
322
313
153
579
425
518
518
551
549
549
641
641
656
594
594
594
282
282
282
282
497
497
203
203
500
501
179
382
563
563
650
650
650
650
650
650
635
