43
40
482
482
482
42
42
366
366
431
268
462
447
386
197
194
183
183
74
158
158
158
68
371
371
371
528
528
528
533
533
181
12
206
298
440
440
440
440
404
378
332
329
338
0
129
214
214
25
151
533
527
563
593
593
599
552
447
447
447
447
422
606
604
604
495
446
446
495
495
334
341
360
237
503
382
286
286
342
342
478
188
224
473
473
438
438
438
496
566
361
254
620
447
447
412
649
601
601
523
203
203
546
673
575
466
287
684
684
684
676
676
676
652
652
652
449
286
179
179
179
172
172
312
267
267
284
178
178
178
437
437
622
443
443
605
605
605
379
376
568
495
495
503
493
403
104
366
290
401
622
622
622
586
167
278
427
251
422
128
128
128
128
125
316
48
199
106
113
113
113
113
127
143
354
82
334
334
309
493
431
489
480
551
551
551
680
459
526
516
544
467
504
460
576
591
230
657
695
605
