0
5
0
0
0
0
0
7
7
67
67
67
149
149
382
583
576
600
474
296
131
570
457
361
361
361
361
600
535
535
544
394
548
547
547
526
424
424
580
580
112
387
387
318
405
39
39
16
197
197
44
44
198
344
463
470
249
225
105
0
0
0
0
6
6
181
266
379
249
300
399
241
25
7
7
55
55
55
55
55
55
220
202
58
32
91
91
30
30
417
30
30
127
30
30
30
363
229
229
249
491
452
229
252
229
275
384
457
366
162
525
93
235
203
205
267
267
137
137
57
57
57
57
57
57
41
41
20
58
148
176
122
314
423
354
303
337
337
415
541
602
606
606
547
568
606
411
216
214
164
340
373
340
378
216
28
141
141
253
368
349
349
309
309
349
163
202
272
122
122
122
122
122
314
123
123
46
46
467
535
535
157
319
299
448
448
448
438
347
438
438
438
419
419
239
257
37
206
243
243
