0
0
0
0
491
352
352
425
425
489
340
336
334
390
286
310
125
125
234
264
155
155
155
307
307
349
349
55
55
443
469
469
469
445
220
48
34
275
34
33
22
337
374
469
469
352
540
524
466
274
232
151
208
210
185
163
163
262
240
220
623
623
643
643
137
130
388
130
164
219
99
568
612
428
130
127
628
642
255
279
386
386
386
406
328
444
444
445
468
327
468
277
277
455
455
494
290
295
228
234
234
234
474
357
357
357
324
474
517
447
367
443
407
407
667
667
667
664
664
664
664
664
675
675
675
668
460
236
206
196
97
69
71
71
162
162
297
439
397
378
267
294
294
395
341
324
286
559
561
639
678
544
394
347
344
116
113
113
258
113
79
213
278
413
381
516
516
272
212
295
534
534
323
323
142
452
452
417
416
127
127
104
104
252
61
135
180
248
255
615
658
408
408
408
420
460
500
443
299
299
