0
0
361
271
213
292
502
502
502
363
502
400
222
222
349
643
614
614
652
609
93
93
42
42
306
306
471
53
450
580
580
507
436
436
169
395
380
486
486
52
294
294
294
122
188
154
154
46
46
46
46
42
670
670
605
635
652
616
619
583
537
537
124
124
124
124
205
649
226
229
229
229
338
326
568
631
642
642
642
321
574
389
341
259
623
623
274
121
489
504
504
171
173
173
443
350
350
603
561
319
468
468
468
618
618
618
684
353
353
616
338
379
309
309
309
309
309
212
110
110
110
137
392
280
228
295
65
65
91
130
117
105
94
102
112
311
278
536
536
590
484
484
499
499
138
138
123
251
251
171
163
178
180
80
75
75
375
363
273
270
270
217
301
303
411
97
97
175
444
279
116
113
180
37
121
122
558
529
553
270
215
215
237
215
202
434
434
304
304
555
555
364
393
301
410
369
280
75
92
221
