0
0
50
437
437
559
559
559
559
559
248
100
261
313
313
313
313
160
145
321
271
371
326
440
677
677
672
558
558
552
568
672
672
678
623
623
623
632
624
624
681
691
590
529
521
441
165
165
492
492
547
505
645
386
656
656
656
527
335
481
227
585
506
338
332
196
72
369
557
683
683
683
683
489
484
646
644
676
657
662
681
681
388
388
678
678
119
311
571
571
571
612
596
644
639
595
611
630
635
668
605
605
644
668
490
400
476
476
218
218
387
665
668
668
668
518
504
504
533
508
411
57
614
293
65
157
65
212
100
328
333
288
55
432
432
431
431
431
451
451
383
451
449
481
470
237
237
237
543
543
508
508
422
526
362
200
200
297
311
169
434
462
387
79
217
79
342
446
422
288
298
301
260
450
508
508
508
404
618
618
542
408
480
461
425
294
294
112
112
228
211
106
513
440
433
442
559
641
450
477
