0
539
371
324
315
315
115
260
260
587
383
319
325
257
251
471
492
474
485
627
631
277
277
321
351
298
635
375
383
383
383
128
532
571
457
363
363
214
203
140
190
299
303
201
186
373
215
215
198
198
169
169
36
114
114
98
98
225
562
579
470
550
558
382
382
282
136
195
399
613
481
487
487
487
515
557
421
411
381
618
618
563
427
427
427
464
390
544
544
639
643
333
266
275
629
629
562
460
571
579
579
471
444
631
631
273
54
54
54
54
184
331
181
197
225
478
478
633
280
292
442
381
442
423
410
567
532
506
170
158
158
67
67
67
67
67
261
635
635
427
485
693
657
472
235
196
196
315
579
540
575
507
667
321
321
273
260
260
496
496
76
76
76
76
76
76
76
76
13
13
436
65
463
543
543
543
590
528
528
21
578
578
357
206
669
669
595
595
595
595
595
520
492
452
452
452
482
482
522
388
