0
0
0
78
88
113
113
364
364
378
319
315
216
216
226
92
226
242
92
90
136
136
117
117
117
112
112
112
163
365
365
363
242
251
228
325
255
233
233
346
225
219
122
105
42
40
447
482
482
244
40
418
418
147
212
126
200
474
474
425
416
290
309
479
491
491
491
491
506
332
355
61
61
61
61
61
61
61
338
294
260
424
424
237
393
296
204
202
170
170
219
53
53
53
75
75
119
125
125
455
295
295
285
245
438
392
278
182
228
228
97
86
22
272
166
195
412
412
407
375
225
225
181
181
46
111
83
36
31
118
159
227
129
222
321
203
203
202
358
407
386
407
455
455
464
465
465
306
306
341
338
296
322
214
187
174
170
411
411
126
126
126
405
450
450
450
450
450
233
13
13
168
168
114
22
201
355
256
286
286
310
390
390
49
49
49
4
4
161
161
161
157
167
206
377
460
454
454
454
460
