0
49
2
117
124
9
9
0
0
421
152
378
378
590
448
344
344
266
204
204
204
198
415
624
98
98
631
690
690
595
595
678
678
519
519
691
686
686
460
519
454
621
426
426
17
17
17
117
223
434
434
259
481
167
500
500
648
648
648
496
390
209
97
69
69
69
69
69
173
196
196
196
196
366
163
345
345
191
338
268
428
400
400
231
231
231
210
480
704
704
704
704
625
326
189
189
189
262
262
184
308
325
257
383
383
508
520
520
452
607
607
397
630
487
487
487
480
480
480
426
179
129
43
36
36
36
385
385
385
560
612
593
445
327
520
245
362
229
362
362
166
157
93
86
703
640
640
638
701
196
247
242
191
191
225
581
565
565
602
409
135
538
394
478
475
426
268
195
195
168
163
227
202
65
69
237
237
165
404
420
420
420
385
172
73
116
224
405
414
414
414
341
523
414
432
343
343
466
289
289
