0
289
48
287
298
259
570
550
360
453
646
646
646
646
646
622
562
538
465
465
549
518
518
534
134
215
207
279
292
375
184
306
306
274
283
361
430
352
194
313
249
186
303
385
149
149
149
118
118
129
129
125
613
631
454
454
525
525
518
626
576
667
695
695
675
702
702
545
545
319
312
398
421
508
606
702
702
702
702
702
419
522
511
511
511
454
436
367
111
111
83
308
308
291
300
300
305
310
310
342
466
530
547
431
431
399
522
513
115
19
61
61
31
31
31
421
593
301
301
502
382
318
318
163
15
221
15
15
15
15
243
351
351
116
7
69
69
23
20
20
20
0
0
27
27
27
140
140
216
146
117
55
181
108
362
100
100
234
234
191
176
144
395
8
13
13
96
194
277
343
646
646
646
648
676
676
337
273
280
280
275
234
325
325
229
319
261
521
521
521
563
539
310
116
116
116
116
116
116
642
