0
0
0
0
0
0
166
396
426
426
467
99
99
99
230
20
20
122
122
118
126
126
134
134
74
54
281
281
281
258
155
155
477
531
350
410
704
704
615
609
398
398
557
652
647
621
621
621
183
180
622
604
450
264
485
342
57
57
57
118
182
278
289
84
244
367
374
57
34
103
96
72
99
134
79
39
39
30
88
246
239
246
167
271
280
392
345
181
181
181
226
226
328
433
322
538
558
211
570
503
503
457
353
184
293
293
482
482
530
555
196
140
414
414
414
646
649
649
251
225
348
301
487
286
284
293
310
255
423
468
298
67
67
124
189
283
246
519
72
383
150
21
21
21
156
186
369
369
107
486
459
330
453
469
426
416
416
103
569
569
569
634
589
589
359
382
393
122
281
266
266
260
69
243
237
237
487
460
422
422
340
199
179
220
229
376
419
190
157
453
452
607
628
628
628
52
52
52
188
235
