0
0
0
181
181
186
36
36
0
0
0
0
0
0
0
0
0
238
346
346
414
374
455
455
455
217
217
455
455
252
45
283
110
333
519
515
515
33
33
16
156
156
156
190
312
288
89
89
253
393
381
388
128
125
125
133
7
7
233
233
388
397
403
403
329
139
190
331
381
520
530
637
490
581
267
71
71
312
198
77
77
77
65
150
175
65
411
329
83
93
93
216
115
13
13
187
187
618
686
686
686
678
678
678
678
690
690
690
668
481
516
258
258
258
325
213
373
373
363
363
425
64
112
64
64
147
217
209
209
299
299
560
560
560
313
313
338
203
203
289
600
641
641
641
698
698
96
151
151
151
321
321
315
312
321
324
474
585
497
368
355
441
520
524
661
213
213
213
416
244
291
399
351
375
340
304
348
97
90
154
154
143
346
374
406
226
237
237
288
343
554
245
174
277
324
342
342
339
270
270
