70
243
93
157
317
26
226
479
479
346
467
467
606
481
503
449
399
399
349
399
493
513
342
274
289
289
289
237
457
459
481
549
497
552
632
589
547
538
571
280
251
99
300
265
261
272
272
272
263
197
218
240
358
591
530
620
617
632
632
624
580
580
580
145
145
104
567
658
658
136
136
136
127
580
568
650
646
590
544
449
66
284
370
285
285
212
126
126
37
37
178
219
219
518
496
473
633
633
682
682
545
682
484
414
433
673
673
673
691
691
505
550
480
469
588
471
654
582
582
582
582
532
515
581
542
235
235
235
325
562
562
477
491
529
538
580
499
94
14
41
41
10
17
17
61
137
27
204
352
352
361
346
346
77
46
106
421
430
226
145
41
2
170
78
2
35
35
35
35
64
114
464
516
369
575
245
237
538
508
609
506
575
591
24
79
24
24
26
125
59
37
35
126
334
467
118
116
330
255
142
