0
114
175
496
538
559
356
308
280
314
193
195
145
519
208
91
370
358
71
616
616
227
102
229
222
304
412
557
472
511
165
17
17
33
53
90
90
70
127
142
177
201
229
3
3
3
139
244
358
209
529
492
186
379
379
279
279
405
405
405
405
405
361
513
530
530
512
311
130
294
294
247
294
288
205
226
141
130
67
91
569
635
635
635
635
597
289
289
289
203
478
478
114
114
195
195
195
173
278
527
646
596
516
539
206
206
126
55
55
181
332
325
247
95
92
218
548
656
658
658
658
658
657
131
419
110
110
9
125
125
125
376
427
155
155
155
155
155
109
109
109
152
271
271
223
275
327
327
303
193
681
684
672
522
522
323
331
431
439
338
592
602
339
77
65
65
65
65
235
65
65
65
60
180
180
275
460
460
460
460
359
49
36
36
74
74
461
461
448
252
495
202
621
580
580
580
474
287
214
422
