294
550
478
446
427
560
560
324
324
173
247
575
407
407
469
508
170
480
501
501
80
245
245
245
245
308
343
367
374
374
385
380
261
152
421
422
261
426
545
450
490
357
185
311
326
326
214
207
323
270
264
272
272
553
553
553
553
553
492
541
553
257
257
614
489
169
377
604
602
436
234
188
182
182
182
182
182
182
143
53
124
165
165
158
178
134
400
585
267
289
623
623
240
157
146
146
98
84
420
523
598
598
580
646
562
646
693
648
614
461
514
514
514
514
426
442
468
391
439
609
609
609
609
700
700
699
695
587
587
588
511
595
588
588
254
446
328
308
638
638
655
381
655
655
655
614
669
636
547
310
309
266
162
14
14
101
101
101
51
14
397
331
378
378
556
604
604
604
467
467
141
144
144
144
36
36
318
242
242
96
96
96
96
519
405
514
298
298
308
411
463
293
379
408
515
519
622
599
520
595
