135
135
60
60
60
43
404
329
329
222
318
435
435
459
403
418
281
498
446
446
472
472
495
455
234
234
234
465
516
516
563
563
564
467
655
306
233
233
233
145
145
318
318
145
439
446
146
161
149
675
675
675
675
614
616
482
482
676
676
676
483
366
366
135
531
531
577
430
616
637
682
497
497
497
401
431
273
273
386
401
213
213
213
145
215
215
145
701
163
180
138
468
468
477
409
460
326
237
284
412
315
198
166
152
91
636
337
244
244
72
102
72
230
82
70
70
163
196
564
57
57
57
57
57
114
114
170
120
200
200
170
409
412
194
194
210
448
359
351
325
325
209
164
164
253
138
98
601
500
516
617
201
259
259
201
526
699
699
699
699
699
711
698
71
71
71
601
307
396
414
327
54
177
177
218
233
233
413
172
295
71
71
138
230
418
363
301
264
496
457
55
67
66
414
412
463
463
465
438
455
