3
0
63
317
317
0
0
253
185
64
516
546
546
135
70
70
174
706
701
701
133
133
133
194
362
361
361
351
378
378
261
261
261
204
149
141
328
293
315
264
264
264
95
357
582
541
541
589
589
441
441
407
115
114
114
169
169
115
412
626
300
300
481
369
358
143
456
456
314
383
607
607
639
639
366
545
458
107
141
141
141
141
141
160
427
459
440
448
475
554
529
404
296
377
56
195
190
429
351
347
407
513
523
461
461
52
127
127
127
65
65
56
87
87
83
64
64
64
64
113
133
55
274
387
372
86
86
55
55
352
55
57
64
322
292
296
130
69
235
371
587
73
84
482
482
510
510
695
689
295
254
254
217
586
561
561
313
693
693
693
663
627
627
617
615
568
568
339
663
291
247
247
249
474
531
534
505
61
395
378
397
390
390
486
281
42
603
366
629
250
662
639
276
376
566
662
455
477
477
97
