539
583
557
644
621
621
478
689
602
496
310
310
229
209
440
325
325
325
195
158
158
23
23
23
274
346
346
346
659
657
670
670
689
689
689
689
558
319
384
384
361
382
590
627
550
541
557
217
102
102
254
240
230
158
169
284
291
176
376
376
646
688
509
688
543
537
459
450
456
534
687
687
687
687
585
568
568
568
568
568
313
399
206
344
429
585
600
556
498
498
506
600
487
487
488
488
682
682
682
587
574
331
275
158
301
301
282
51
51
51
51
37
68
68
670
670
500
564
458
230
227
227
227
141
141
418
452
453
541
243
243
210
243
602
602
602
571
571
275
148
150
52
71
30
30
397
369
380
317
186
620
620
585
637
630
630
551
447
453
407
401
156
234
44
44
44
435
407
320
184
35
31
259
312
4
4
548
548
480
403
471
503
380
323
91
412
399
505
619
615
563
391
320
321
426
426
519
545
476
423
