292
292
16
16
108
16
16
0
0
254
338
357
379
385
209
209
209
209
208
233
256
366
259
259
214
214
67
73
120
120
68
95
49
146
182
182
234
113
11
173
109
109
147
218
427
306
362
361
361
283
392
259
59
59
82
136
228
299
373
373
316
316
385
238
322
334
397
419
350
115
185
201
201
452
431
431
355
206
366
292
235
292
311
336
133
279
324
405
329
458
490
421
19
19
19
19
19
27
27
129
129
272
218
218
162
218
218
209
209
299
299
238
372
178
278
278
384
414
310
93
276
300
294
125
111
199
19
19
74
74
74
208
248
294
294
299
233
335
366
322
415
434
404
473
466
474
360
409
409
372
111
91
91
424
243
268
261
450
450
333
333
442
184
341
331
284
209
207
147
147
108
108
101
101
50
21
55
75
72
11
185
8
276
276
276
291
291
291
81
81
91
72
75
308
308
299
330
125
125
11
