0
81
0
0
208
118
208
208
208
409
398
481
535
421
421
278
408
408
597
599
600
592
592
607
105
105
105
77
77
63
101
102
407
392
392
411
504
504
557
495
535
438
436
307
459
253
55
137
185
193
307
137
683
683
683
545
545
545
12
12
12
582
579
449
471
466
344
344
330
277
53
43
63
63
134
432
432
419
439
439
439
415
415
439
624
579
544
544
544
469
573
573
309
309
310
461
455
444
581
442
502
227
227
608
608
627
20
22
38
36
317
317
317
184
184
184
254
254
345
310
254
233
233
198
311
248
458
458
458
482
470
421
576
565
564
564
247
265
208
208
232
327
208
103
255
503
298
513
402
410
485
439
378
363
687
540
687
646
646
646
645
645
361
360
689
431
532
532
532
487
711
594
711
477
466
400
351
333
397
325
451
421
488
488
582
494
491
690
216
216
216
177
148
422
148
656
656
228
263
243
