106
302
200
79
539
343
311
397
396
556
588
678
561
624
493
535
621
535
535
470
288
288
508
334
334
328
338
202
229
372
372
372
340
335
346
360
209
281
281
281
281
199
150
206
158
158
179
184
262
365
365
362
469
469
544
285
409
114
152
152
156
152
152
223
360
481
621
649
649
297
157
157
207
379
425
425
425
425
423
398
390
602
606
437
681
203
26
26
24
282
149
178
349
542
525
428
448
413
398
364
545
111
111
111
26
13
561
457
205
173
181
182
319
347
265
265
78
215
121
433
474
367
88
109
109
280
454
33
94
45
33
66
75
75
72
42
42
429
445
445
465
303
682
490
410
410
535
539
642
642
378
378
718
718
425
376
425
439
439
439
439
248
243
196
196
225
62
44
196
196
156
33
190
190
395
555
609
295
300
297
218
367
369
382
382
130
421
271
366
366
309
593
683
683
699
701
297
297
297
647
