141
141
346
205
478
492
492
553
612
612
669
669
669
616
541
414
451
529
529
529
223
223
357
355
297
267
370
337
364
355
607
607
476
424
687
659
696
696
696
612
458
193
193
155
155
406
520
417
504
504
504
384
410
355
355
345
355
94
236
132
327
248
153
49
49
49
49
399
129
195
197
197
140
83
394
329
324
285
167
98
98
98
98
536
204
122
27
20
11
11
79
288
619
493
440
440
412
394
255
404
313
313
564
564
618
618
127
127
127
127
316
316
316
188
206
164
137
118
365
611
611
509
611
611
508
508
518
591
530
530
530
543
341
364
364
577
387
270
101
4
71
17
106
4
4
4
4
57
101
48
518
511
508
508
461
592
592
88
110
124
172
306
488
592
592
592
592
681
467
467
642
642
642
642
681
449
681
381
381
453
274
383
424
423
423
507
334
576
576
644
407
107
479
683
701
702
702
563
357
350
