147
423
443
447
440
106
115
236
144
195
205
418
422
321
293
315
81
81
28
151
314
246
246
246
246
151
177
169
143
143
143
143
203
395
447
449
523
477
480
308
429
429
413
412
358
560
560
212
211
211
298
136
136
130
132
132
52
52
364
544
610
610
532
467
610
170
172
293
662
509
526
620
636
636
679
661
686
686
546
284
311
311
311
72
72
233
233
623
187
184
184
89
16
83
88
83
162
171
62
78
119
147
395
515
521
499
498
498
270
449
373
373
104
16
16
16
549
659
659
576
550
316
295
295
553
553
570
597
679
679
679
679
679
607
404
404
14
212
42
42
42
108
118
320
640
640
657
657
657
447
393
467
467
467
378
157
478
516
516
516
520
181
393
405
312
348
348
348
348
210
210
210
450
494
396
150
195
150
133
180
183
188
691
612
413
413
410
410
410
399
452
403
413
418
418
505
505
505
420
346
