140
140
136
0
46
400
497
497
623
592
514
514
514
592
408
539
239
249
272
612
512
593
610
581
575
705
1
4
407
407
605
605
605
599
605
445
626
686
607
422
422
108
323
504
686
686
543
686
682
686
686
549
425
270
224
166
454
603
700
700
662
600
538
538
538
538
31
312
312
358
578
613
232
481
631
659
659
318
387
298
306
306
245
97
146
206
171
372
380
306
306
105
354
8
22
314
314
47
144
122
122
249
268
141
72
408
408
620
620
420
540
567
647
170
170
205
286
422
643
246
296
251
251
170
79
401
88
229
229
117
178
143
164
164
164
57
57
37
37
37
37
25
57
53
21
179
20
20
211
277
30
30
30
55
20
20
44
55
83
455
463
391
396
396
396
155
155
155
215
160
160
160
160
429
429
587
593
267
247
380
532
532
220
220
127
127
256
307
415
624
626
669
680
680
680
549
198
155
39
94
