0
0
0
25
25
25
25
265
300
2
2
294
403
462
465
506
316
313
314
311
294
231
279
294
294
539
326
326
676
676
411
351
248
89
89
89
321
304
342
300
533
317
663
698
193
193
274
177
193
342
271
271
193
133
155
151
151
151
165
129
162
162
318
659
626
661
24
483
226
331
653
630
653
673
630
514
514
514
519
550
455
662
662
676
676
664
302
514
594
594
561
8
8
487
348
348
348
405
149
124
119
97
97
458
537
407
542
627
519
536
538
450
278
646
608
608
568
595
595
595
595
194
249
224
113
113
299
340
519
236
242
242
205
128
128
321
205
206
115
115
244
239
427
471
84
298
405
191
209
214
455
209
209
209
669
612
612
670
89
28
28
28
175
362
312
231
84
84
60
60
65
560
549
560
560
560
560
560
560
560
407
231
608
632
523
523
303
368
368
368
368
436
406
397
382
687
488
488
490
401
