402
269
246
143
134
230
230
230
178
186
0
284
336
462
565
276
31
43
297
304
373
402
103
374
374
374
374
409
409
686
686
686
695
695
695
695
558
695
418
445
494
666
666
666
682
420
420
518
496
452
585
660
660
56
56
553
4
65
63
387
322
536
583
320
378
441
249
66
66
66
15
84
98
270
226
180
171
571
634
634
634
634
634
687
373
335
277
277
513
62
293
360
155
95
235
222
126
109
168
591
530
411
351
395
395
193
193
193
168
603
208
119
293
170
212
550
363
354
316
390
391
609
609
609
598
605
440
489
402
417
417
411
237
237
236
328
190
173
471
227
227
144
166
43
21
32
32
37
65
217
299
400
394
21
21
21
307
443
423
345
565
453
453
453
381
78
324
198
199
199
199
340
199
389
389
222
195
551
445
428
467
467
195
195
195
78
68
68
340
403
507
13
13
180
180
226
63
13
13
13
