0
0
0
0
553
151
206
203
675
641
395
171
212
173
296
296
395
300
353
298
172
172
333
284
418
374
517
287
199
199
593
593
658
427
676
676
520
539
695
695
695
695
695
121
121
121
294
343
343
279
707
707
650
612
645
550
638
155
155
155
155
244
129
129
139
139
63
54
196
189
339
339
346
317
581
536
565
565
565
592
592
666
671
671
671
666
666
666
642
582
621
358
399
636
616
672
606
606
676
676
676
433
433
546
525
525
417
622
582
582
600
81
398
266
216
285
284
284
251
607
705
706
636
674
697
706
663
469
494
175
175
175
175
222
175
105
561
561
561
561
561
561
636
485
107
158
399
425
369
314
314
107
107
399
179
214
508
546
554
554
550
508
657
413
244
32
32
32
31
31
31
72
97
135
223
323
234
528
357
245
449
524
647
647
625
523
554
481
481
380
146
328
604
621
623
668
668
668
386
386
