0
0
0
0
0
1
1
168
215
215
347
347
206
371
410
524
578
252
422
452
131
21
16
16
111
130
130
168
186
536
76
1
144
144
144
24
24
24
131
281
258
302
302
302
381
374
265
134
134
456
456
338
338
281
281
281
262
298
298
411
410
410
382
82
87
87
105
82
408
559
564
515
415
415
366
415
462
394
44
44
96
210
402
558
612
612
612
612
589
607
219
584
620
593
201
201
228
592
620
419
277
300
652
543
543
543
543
473
582
582
298
631
631
546
339
322
322
427
427
427
383
383
442
442
572
572
572
139
47
13
13
13
209
593
264
268
260
260
271
668
530
244
477
477
428
711
564
396
396
350
350
350
338
463
459
488
437
146
170
186
55
625
260
151
485
356
516
441
166
166
268
519
525
474
341
418
372
372
314
347
347
570
397
385
444
477
477
431
443
485
515
444
532
318
180
356
369
326
290
337
