1
0
123
0
79
245
245
97
183
129
452
452
29
29
592
598
606
575
653
494
226
2
2
2
2
197
197
127
413
444
489
198
21
230
204
99
99
99
81
601
222
510
510
190
207
49
3
133
133
133
352
438
120
120
118
222
230
302
302
242
242
230
256
335
335
335
337
292
336
299
121
116
116
116
122
467
681
453
386
683
584
584
587
537
537
537
534
594
607
607
569
188
188
224
248
224
37
37
37
35
35
35
35
195
95
162
35
41
399
392
392
223
229
40
210
404
256
398
398
398
361
56
146
146
341
572
578
450
400
434
413
442
545
611
374
324
71
137
155
154
331
276
292
418
205
2
119
119
119
247
372
325
361
169
248
248
484
386
215
217
428
373
198
569
526
443
443
443
412
416
416
416
416
416
314
321
211
13
13
59
59
13
13
50
50
50
50
50
5
28
0
0
23
20
0
278
188
97
97
19
