63
70
89
99
99
99
99
99
81
191
107
8
50
70
50
377
429
361
263
279
279
346
115
90
174
441
487
442
357
372
444
444
398
391
391
391
487
475
481
413
198
133
333
127
127
125
125
216
98
98
173
62
66
64
121
70
87
132
146
335
444
346
228
284
347
29
29
0
295
274
274
274
275
309
334
334
49
252
252
339
241
241
242
242
147
66
48
0
0
0
49
106
106
106
123
309
110
203
141
235
333
340
150
63
107
116
234
176
216
216
176
127
127
127
485
255
261
246
230
230
326
444
444
419
426
228
352
352
355
395
395
334
315
168
149
148
103
103
103
192
320
341
376
400
333
333
333
333
333
318
318
318
277
277
277
399
458
458
460
410
385
380
422
413
284
218
345
263
263
359
416
416
273
267
119
119
387
387
387
364
453
469
157
461
461
243
395
395
468
88
186
222
243
209
349
100
458
458
489
486
