285
285
285
188
188
188
691
691
297
297
144
92
92
91
91
650
650
656
648
648
662
382
338
272
636
296
298
328
328
650
723
723
723
678
723
641
641
641
641
641
641
474
440
418
75
75
126
139
159
312
323
323
338
300
377
377
377
275
232
323
323
297
580
652
572
290
290
148
264
264
264
145
229
229
67
67
67
67
226
418
418
441
441
343
207
207
227
227
171
171
71
71
350
16
16
16
16
16
16
16
16
81
81
16
291
19
48
48
49
184
234
234
234
173
173
178
178
307
307
153
153
360
360
263
345
75
243
173
601
514
338
587
587
587
587
310
401
354
256
306
326
326
470
483
483
454
429
429
450
538
539
543
406
406
507
360
67
39
56
445
452
243
109
79
702
339
339
328
328
685
702
702
702
647
463
61
384
384
87
80
80
27
41
39
58
85
77
77
77
501
424
508
541
553
413
355
471
355
173
113
