28
28
28
89
89
666
468
474
375
517
517
664
664
672
581
581
672
672
604
304
369
380
169
163
99
105
105
78
78
290
263
263
535
535
514
424
590
331
222
222
222
222
60
56
56
95
95
156
409
219
214
214
214
233
151
381
413
257
598
598
249
135
107
282
522
392
265
691
656
691
685
655
655
513
513
246
252
202
202
197
169
135
257
262
197
247
247
200
322
322
114
564
564
578
648
648
648
147
298
603
456
149
147
265
265
146
123
53
125
356
359
707
707
707
707
236
313
586
686
309
309
309
309
442
421
451
450
450
418
303
138
413
347
262
262
295
169
150
150
297
460
364
349
349
128
128
128
115
132
280
433
248
272
187
187
655
655
655
244
235
250
255
300
210
261
261
261
228
428
553
424
630
327
302
307
434
599
285
209
108
326
230
230
230
270
270
261
261
422
472
511
222
453
453
292
292
97
114
479
479
