601
712
712
541
541
548
551
551
551
551
551
551
685
703
587
378
375
322
365
439
439
443
521
260
114
134
323
88
142
142
142
83
47
47
396
396
396
514
370
516
516
517
532
678
678
667
678
678
335
678
353
488
495
304
294
313
279
107
273
259
107
349
57
141
134
262
38
233
250
250
242
204
204
338
338
338
438
564
564
275
275
450
284
243
161
189
189
167
72
152
175
173
173
115
183
421
458
458
513
271
224
539
607
253
95
285
416
609
207
91
417
417
681
684
473
684
620
644
644
684
465
465
465
273
524
646
646
646
646
695
695
695
646
569
537
449
255
255
255
276
497
135
154
244
565
565
678
378
671
670
568
528
458
183
344
344
435
543
351
461
541
541
533
533
721
721
707
707
663
263
299
265
328
412
432
432
432
435
386
637
632
675
589
407
570
543
721
721
721
721
721
721
721
721
230
114
92
426
410
233
