401
408
408
490
549
605
457
397
307
264
137
175
176
157
22
22
6
91
6
270
270
264
264
264
459
459
459
397
398
398
491
466
6
6
116
145
145
145
286
544
512
605
605
559
560
606
722
722
722
524
524
373
524
524
640
642
482
472
433
433
433
458
454
454
354
342
358
358
419
419
169
90
284
103
103
103
510
510
515
515
515
508
484
519
519
519
555
555
645
301
135
284
270
282
109
197
403
184
191
415
414
405
405
345
649
664
367
675
675
667
667
667
79
215
229
373
38
38
38
319
380
94
94
221
221
237
85
114
114
114
53
592
531
330
264
134
101
716
716
116
613
613
613
348
320
288
51
89
207
108
192
416
457
203
368
510
64
64
78
118
85
114
79
79
624
624
376
328
328
376
715
717
717
692
671
637
637
417
228
160
161
197
255
128
128
322
314
308
308
346
373
373
373
373
480
569
569
569
568
569
