0
123
123
123
209
209
209
209
435
345
185
260
101
359
369
369
419
419
419
542
542
470
525
518
316
273
273
272
599
599
632
632
238
201
167
91
147
147
148
281
292
316
316
294
205
89
84
132
91
183
208
208
294
204
198
176
459
443
443
308
304
304
331
20
279
225
290
156
380
282
282
232
343
694
694
689
694
349
281
231
15
15
39
112
94
94
246
246
96
265
455
623
495
84
84
84
71
379
570
676
688
688
688
688
688
364
364
359
439
439
439
705
705
627
627
611
625
611
641
644
363
353
229
221
213
213
324
323
355
348
322
348
489
445
618
621
174
174
509
509
56
264
174
342
276
109
109
350
488
478
488
508
399
399
534
534
534
468
516
516
516
175
175
214
308
308
308
399
368
368
397
328
328
346
150
150
210
155
215
86
390
488
522
697
697
697
584
584
584
656
656
656
656
656
44
65
65
50
167
167
