363
363
369
339
217
206
612
612
476
661
661
586
209
481
666
719
719
719
525
478
478
478
701
686
686
705
543
662
662
670
670
577
670
338
221
680
503
654
331
317
158
541
334
277
277
289
312
513
513
513
600
284
486
631
221
221
272
272
543
542
542
595
595
362
279
188
112
312
352
385
385
335
374
293
494
484
569
571
524
353
381
542
592
186
384
540
326
326
322
284
284
137
421
556
556
242
492
503
474
393
446
425
47
47
265
54
47
349
359
182
182
176
170
96
96
96
223
96
329
394
394
469
261
261
348
235
317
126
126
126
126
105
47
37
37
381
539
608
128
173
173
121
121
63
141
552
511
486
308
92
92
92
97
444
606
409
468
644
644
462
506
499
614
614
310
484
396
297
285
447
447
659
659
659
662
662
662
710
620
622
718
711
433
137
234
234
278
280
207
183
183
216
245
341
313
310
310
310
228
200
