10
8
8
8
133
116
59
164
643
643
643
643
643
643
409
409
409
334
454
78
78
78
58
143
324
324
88
88
48
50
5
5
129
305
706
574
574
272
317
562
634
224
211
678
573
573
434
434
465
465
248
682
502
513
176
165
87
465
618
377
39
39
480
244
357
294
323
498
675
675
675
675
133
133
133
111
650
709
705
705
470
519
681
709
712
501
507
375
347
366
108
175
132
132
179
277
354
480
344
161
161
275
374
322
322
572
569
342
289
696
697
610
293
642
634
668
509
478
437
437
473
277
299
299
299
587
608
380
360
153
699
699
398
698
636
636
78
78
69
328
478
478
398
298
246
250
298
231
231
240
240
241
241
241
241
140
140
226
212
212
307
121
309
513
513
386
513
512
575
374
243
424
549
549
151
151
234
234
135
52
52
549
549
174
177
164
178
326
326
317
274
292
288
163
658
676
517
525
519
519
