101
101
101
157
51
51
305
319
309
329
464
237
212
153
429
510
479
261
333
333
115
115
213
213
221
221
244
211
211
194
487
338
360
521
63
281
309
404
131
155
321
327
323
304
305
203
404
412
150
421
179
107
136
580
542
533
335
344
378
378
351
575
513
676
637
637
676
654
38
38
268
377
377
278
278
249
534
534
552
667
641
232
417
379
495
151
151
151
542
542
563
76
168
168
168
168
168
168
309
297
369
256
115
115
43
426
447
700
700
616
556
418
429
429
418
454
484
554
269
269
262
299
329
622
622
679
678
475
287
368
628
694
694
563
555
431
433
373
119
190
583
583
332
668
513
513
131
478
490
611
611
611
358
360
384
162
162
350
337
337
329
198
477
643
430
430
430
606
606
665
665
663
305
486
643
607
444
602
446
650
650
650
650
505
505
401
523
523
338
338
338
503
348
348
348
441
417
417
412
176
