85
85
356
293
193
342
309
0
142
142
247
311
0
0
0
484
324
567
127
127
313
422
356
254
145
23
0
0
0
0
66
301
301
301
280
335
335
193
92
139
66
87
71
51
4
4
4
5
5
96
10
10
81
81
109
317
317
241
224
224
331
331
468
438
438
501
537
537
537
537
409
594
520
520
520
379
398
320
370
370
370
312
165
165
166
129
192
292
246
247
641
698
698
698
638
570
638
535
535
535
615
615
436
436
436
291
229
222
222
368
370
463
436
475
475
426
426
202
32
32
171
187
242
198
183
167
269
208
49
69
55
35
197
101
431
431
677
557
712
712
565
479
494
680
680
680
660
599
606
274
272
401
403
702
726
482
482
482
255
254
24
173
80
151
12
12
137
137
12
318
258
664
581
583
615
651
651
148
219
440
493
473
478
345
396
426
488
456
356
361
439
347
480
474
258
7
7
166
166
502
