0
0
226
40
40
7
384
426
303
254
254
301
301
364
364
365
334
324
341
267
96
34
34
238
420
420
701
504
422
377
421
275
275
298
298
405
382
382
231
101
101
113
117
113
113
113
16
16
16
108
235
169
175
175
466
321
422
23
23
488
488
488
632
426
426
426
559
466
186
186
186
186
186
107
118
107
126
104
137
104
104
213
213
202
114
104
104
204
146
447
447
87
342
237
264
259
480
480
331
330
135
283
608
701
701
724
724
724
724
635
635
635
620
368
502
696
353
310
310
352
245
80
196
122
392
449
401
125
52
265
265
300
356
521
82
196
374
496
496
133
133
133
77
77
243
375
336
336
142
297
399
126
294
537
537
678
678
218
644
570
525
446
454
454
319
319
344
316
498
467
467
467
424
345
448
448
478
705
404
365
351
350
350
350
408
434
434
556
647
370
563
512
382
459
311
310
345
622
642
343
