232
232
232
203
159
41
19
42
42
42
93
51
9
9
72
16
66
294
317
361
188
188
185
160
172
174
194
194
98
34
42
343
343
497
497
449
426
426
212
226
226
185
89
89
319
319
319
252
241
349
349
349
310
411
374
67
67
67
324
194
28
215
215
215
366
378
304
144
145
115
180
64
64
195
221
233
313
313
280
382
415
165
232
232
172
217
217
137
140
140
91
18
18
18
151
159
198
190
200
243
243
271
303
30
18
484
484
431
302
302
302
317
468
468
423
420
420
51
51
161
373
373
398
398
209
209
126
127
59
156
160
22
156
150
119
338
453
453
181
186
95
201
201
201
409
409
409
236
236
236
481
481
219
153
132
107
77
72
75
72
139
273
383
365
376
431
271
288
223
95
237
58
99
99
101
101
101
175
175
122
310
193
193
334
257
339
245
413
420
382
382
247
247
265
171
322
294
294
316
316
