0
559
559
559
392
392
309
629
430
253
359
655
655
563
123
391
477
477
540
534
540
420
548
548
548
112
103
93
125
428
467
261
254
83
83
103
103
189
148
201
201
201
86
87
4
4
4
341
341
192
131
167
167
17
65
113
39
4
72
6
4
20
80
351
351
466
466
466
466
305
297
552
552
492
138
151
148
160
160
139
180
139
139
180
139
139
139
139
167
318
386
386
330
202
151
151
146
139
312
238
195
332
561
609
574
574
163
151
110
206
206
213
213
213
405
466
405
329
284
239
206
663
430
430
439
473
539
246
246
226
309
264
262
205
205
226
606
561
442
442
442
300
300
113
113
46
130
136
220
474
556
445
500
500
543
543
612
134
134
198
223
345
125
74
74
218
428
387
387
387
328
326
326
79
430
449
491
522
504
368
585
562
397
397
399
399
213
397
166
215
215
357
357
313
191
103
430
242
242
242
