556
556
616
275
398
424
123
431
55
263
55
34
187
188
212
396
388
145
223
324
324
324
433
481
451
494
194
305
349
336
314
159
429
256
261
261
231
316
316
342
212
103
290
222
222
35
94
40
80
80
80
80
92
92
643
643
426
440
357
401
489
489
516
544
544
690
385
426
682
425
682
252
263
263
55
28
28
5
5
446
470
462
709
709
185
383
328
321
124
124
124
221
121
488
551
612
691
691
717
499
422
726
609
543
687
687
687
687
726
432
432
432
432
493
502
502
735
735
735
735
718
675
636
594
679
679
315
312
319
319
164
338
266
246
305
282
505
467
439
334
163
377
363
374
141
232
629
619
477
477
321
308
586
617
617
617
621
559
461
641
673
688
306
329
438
438
329
329
574
546
491
491
568
568
685
685
598
598
132
249
253
253
235
232
704
615
704
173
270
276
438
393
375
627
618
692
655
503
540
540
