0
47
452
428
198
519
549
317
229
307
280
380
414
136
134
134
145
121
216
216
307
123
462
285
285
292
319
296
340
375
375
532
542
551
498
706
735
735
628
622
597
597
612
166
149
181
175
382
340
560
546
649
447
405
470
207
315
125
125
125
177
177
58
58
58
58
58
58
186
186
58
58
58
58
111
321
321
321
76
273
428
429
412
404
239
270
306
309
180
180
136
136
589
589
589
589
649
623
623
539
641
436
289
375
470
74
146
185
477
690
605
602
602
432
372
368
292
223
223
323
218
246
251
251
428
435
499
561
561
206
118
59
73
73
223
223
223
223
223
238
59
175
383
295
344
563
348
347
61
256
194
159
73
73
73
73
73
401
12
12
372
426
432
339
390
629
629
629
629
629
524
524
24
24
24
278
278
291
291
291
606
702
702
547
365
343
225
356
356
546
546
546
558
500
512
474
485
486
550
210
