0
0
77
77
95
152
191
191
191
117
164
502
447
649
649
331
489
489
489
246
246
246
246
652
668
668
656
607
526
374
735
439
514
245
367
304
274
130
339
338
582
219
379
572
166
166
574
589
589
682
692
575
685
342
697
479
479
427
531
682
682
682
667
680
680
405
399
509
551
525
518
358
421
246
434
434
663
663
413
303
348
352
361
364
426
418
434
282
234
234
484
484
187
202
202
202
394
394
722
723
723
584
595
595
228
228
228
470
433
188
116
245
341
367
142
143
225
608
608
460
470
438
438
438
438
264
390
28
28
35
35
207
81
169
420
235
186
140
485
485
413
413
510
434
361
371
464
481
505
399
626
626
519
240
443
443
235
215
162
418
415
308
308
144
74
88
43
43
50
36
445
482
105
513
420
330
330
329
430
447
328
678
402
409
409
648
396
418
420
420
420
420
525
525
581
581
593
593
477
529
