0
0
170
173
173
199
451
451
556
626
626
626
626
90
255
126
291
259
346
321
359
665
665
570
570
570
570
459
559
551
422
286
287
136
230
423
453
481
425
210
447
357
357
266
175
175
82
389
493
502
491
502
443
433
730
607
636
624
723
730
730
534
643
478
464
536
270
270
293
264
251
725
333
181
181
181
609
434
434
434
381
388
599
494
457
466
411
411
33
40
219
318
123
164
24
20
184
20
20
20
20
125
123
250
234
397
424
428
652
674
674
526
366
586
620
462
486
634
634
563
429
350
283
283
237
237
256
387
430
273
256
166
177
202
202
132
398
254
254
43
43
110
110
288
288
110
168
344
19
19
46
56
84
241
29
226
498
490
489
489
364
272
323
204
204
413
363
344
497
478
558
558
564
452
347
334
334
177
177
343
511
481
471
402
464
157
157
157
135
26
199
213
173
361
488
226
226
226
300
300
