0
0
55
283
207
207
0
255
486
486
487
223
223
343
343
201
201
255
306
306
306
294
195
98
98
185
197
197
0
15
0
5
109
191
233
217
217
189
67
133
133
346
191
191
191
723
720
720
720
720
720
720
219
177
163
158
273
643
438
43
64
66
583
583
646
636
646
646
646
643
650
650
584
561
561
561
164
164
133
14
278
603
346
536
407
280
272
120
120
65
85
467
467
693
476
442
362
362
348
435
444
444
672
675
710
710
708
698
710
710
703
689
710
714
692
692
697
653
364
457
457
457
554
554
588
298
321
719
719
328
321
408
408
408
557
577
577
508
476
524
524
344
277
302
471
606
458
351
324
437
437
261
457
457
457
260
607
348
393
233
233
233
151
150
195
233
233
150
243
243
384
33
33
30
30
30
17
239
634
417
326
334
589
572
572
589
375
483
710
225
213
210
364
364
364
40
478
495
233
160
