0
0
0
0
0
0
566
566
342
380
340
101
101
263
457
386
457
568
616
111
114
111
576
356
514
514
666
666
666
666
666
666
666
582
65
65
65
65
94
94
94
577
577
577
584
584
440
526
526
281
577
588
588
617
622
503
96
277
287
338
84
645
645
645
552
412
407
405
405
405
424
529
489
312
382
197
198
155
155
155
353
235
149
80
3
52
52
55
55
97
97
493
373
373
329
136
158
136
162
162
74
472
393
360
9
128
9
247
271
495
454
454
454
471
572
611
648
648
596
636
699
699
296
296
315
315
582
634
634
713
713
686
650
700
481
605
689
736
736
584
584
322
322
297
471
471
438
438
431
706
706
620
355
355
274
250
216
216
660
56
33
387
292
480
480
480
416
159
175
175
83
96
135
122
307
400
327
474
425
425
447
468
261
249
433
433
660
660
626
626
532
660
588
660
660
718
718
456
352
394
