0
276
276
276
304
290
301
301
432
332
167
152
207
207
207
207
195
261
248
303
316
109
108
108
581
581
581
336
336
375
336
281
254
254
254
689
368
423
488
697
697
288
288
288
359
359
378
378
697
694
181
181
677
409
501
445
459
368
199
199
406
406
211
174
179
179
85
86
147
147
63
376
376
376
243
501
185
215
224
167
308
442
476
458
623
489
131
276
219
466
225
150
150
307
289
394
381
381
169
153
153
366
366
332
148
21
20
114
20
57
190
152
242
609
476
587
604
631
631
631
487
577
539
242
218
232
218
89
397
449
525
704
704
704
683
477
315
695
695
127
235
240
266
146
312
543
352
352
352
398
378
325
325
143
641
555
555
458
206
336
78
78
194
176
176
628
628
628
666
575
272
355
402
696
696
611
374
316
364
464
258
258
258
41
41
60
41
102
237
237
237
350
424
355
219
263
204
453
590
544
