0
0
248
47
205
221
205
152
0
0
38
168
193
317
84
84
276
105
560
618
618
631
631
680
570
539
537
18
10
10
101
101
165
10
450
475
475
527
502
454
173
601
601
601
564
569
511
511
527
435
425
539
363
241
352
223
267
358
358
349
431
335
347
341
322
426
439
385
374
212
702
277
134
188
134
224
225
117
115
529
497
497
497
260
117
141
27
28
543
543
349
453
223
145
248
145
332
410
282
149
199
284
349
688
239
536
536
675
533
493
615
540
540
580
467
467
508
508
675
688
688
688
682
277
661
545
595
511
513
607
333
176
177
177
139
139
225
337
333
409
319
409
345
578
578
706
539
632
646
655
297
162
318
520
520
467
467
466
506
507
507
333
339
264
264
264
330
286
286
407
713
713
713
713
713
713
713
713
299
522
553
526
526
604
701
701
701
701
684
487
684
684
696
680
409
442
418
672
529
529
