0
0
25
25
68
290
290
327
327
327
464
282
306
506
506
500
461
415
521
521
534
222
222
161
132
483
113
113
108
174
15
302
239
60
60
8
8
213
235
392
382
380
380
608
608
479
487
487
180
175
167
198
209
209
313
313
317
104
104
215
396
398
374
650
650
620
639
308
308
308
308
304
240
260
345
405
409
412
423
379
372
284
346
116
116
109
246
464
572
642
642
675
242
203
64
64
341
341
370
598
478
504
51
51
51
51
51
377
579
579
588
588
386
339
101
96
287
211
211
180
161
251
251
164
270
657
657
599
573
573
573
573
735
735
534
534
535
368
500
423
423
423
410
433
740
626
492
626
626
658
656
215
215
690
739
590
319
468
468
486
305
305
228
120
452
499
452
318
555
536
341
297
279
614
614
614
459
199
611
729
635
635
627
627
627
576
622
622
622
697
710
663
679
679
679
378
417
430
430
430
