0
0
10
49
309
243
16
0
35
404
341
439
436
216
237
196
318
359
295
252
60
129
199
451
360
283
283
339
482
356
482
502
355
338
388
69
284
286
183
155
302
482
290
481
481
379
379
437
437
499
203
203
474
495
205
127
127
128
128
90
90
117
345
209
59
86
57
190
30
93
91
91
293
300
260
270
38
265
358
203
205
130
130
130
123
135
135
33
29
17
17
117
59
26
17
14
165
172
157
222
417
338
345
388
293
293
262
325
282
278
427
391
504
220
386
329
381
328
460
256
256
225
206
398
433
246
323
217
178
100
245
196
196
196
196
196
307
307
377
64
64
56
300
300
272
260
219
144
194
231
263
177
188
319
326
486
503
505
208
149
160
298
298
360
360
313
363
487
487
487
333
330
385
242
182
182
386
381
474
351
73
73
73
227
403
489
363
214
201
199
152
152
94
236
236
295
393
398
397
467
