502
517
517
543
284
615
191
206
661
661
661
662
432
440
389
9
447
678
624
293
293
293
92
250
231
180
180
544
689
689
683
579
683
683
689
548
703
656
249
203
203
203
159
407
407
407
468
550
550
646
496
465
615
154
154
154
154
57
142
558
558
142
308
66
154
66
66
66
400
469
563
660
684
600
260
288
288
243
243
215
325
325
338
338
338
315
698
734
518
518
422
619
203
283
267
255
255
250
178
92
91
75
261
634
654
654
587
324
277
224
166
54
236
534
509
441
64
169
176
213
349
87
106
87
64
167
311
350
348
379
66
139
315
341
521
394
206
206
120
120
115
115
90
384
242
483
384
208
208
182
182
184
61
61
59
59
430
496
538
572
731
731
699
699
438
392
354
354
386
386
386
317
517
242
242
242
292
335
403
161
161
337
152
152
422
422
734
734
734
734
734
734
734
734
732
723
723
588
588
569
