300
376
376
200
205
205
713
713
713
555
555
495
653
653
653
643
555
427
427
427
406
47
47
513
513
533
484
484
458
458
571
541
623
459
528
533
533
417
417
398
417
383
608
584
652
212
636
636
602
602
701
409
406
620
695
648
377
358
207
397
91
712
556
268
268
268
402
211
178
178
157
157
13
173
335
476
74
107
107
107
107
200
99
136
196
437
426
320
320
383
313
428
465
480
598
346
352
351
661
696
624
249
239
43
113
113
371
345
433
19
19
272
357
297
452
358
449
207
230
311
311
462
473
667
667
528
563
526
526
540
361
361
369
369
369
364
379
365
276
631
159
37
37
416
79
382
284
279
279
30
30
22
22
22
22
22
149
265
393
625
510
437
437
182
182
161
453
643
643
643
485
537
537
643
356
574
477
404
438
438
261
553
553
677
298
291
215
282
331
67
67
85
103
266
276
276
199
526
272
275
