0
0
0
43
431
674
674
674
674
674
170
447
447
556
615
70
441
441
454
587
582
582
622
217
217
472
472
472
472
562
629
706
744
712
712
712
206
694
694
492
129
129
206
180
167
138
213
255
255
100
215
215
262
78
54
54
612
485
669
427
657
660
660
271
301
573
565
565
16
16
93
93
60
60
391
391
138
138
31
460
460
186
186
186
378
390
88
88
51
25
295
184
9
5
113
5
182
177
183
183
100
172
172
294
176
200
200
200
292
597
597
316
316
360
372
189
130
284
284
283
441
398
260
260
260
257
305
230
140
128
424
424
556
556
362
402
295
301
319
296
296
296
12
12
639
546
640
103
71
450
604
604
640
487
487
72
72
72
16
16
16
16
16
197
329
329
329
226
229
462
462
463
239
34
34
34
196
34
680
744
744
491
352
74
529
529
626
635
694
690
690
690
690
690
302
276
466
709
714
714
