0
3
401
484
283
716
698
698
698
698
698
662
662
662
635
635
635
692
692
692
105
105
105
295
375
153
216
216
216
216
216
531
419
680
634
387
561
522
522
528
213
213
207
325
325
325
232
501
565
564
447
332
75
96
24
445
539
548
560
574
164
19
251
318
318
428
506
591
608
407
554
420
415
383
383
405
380
365
708
533
462
462
531
535
535
535
524
167
167
400
539
538
335
635
530
530
377
377
377
398
721
721
745
581
581
654
472
277
200
201
33
133
133
196
196
223
343
338
89
89
271
271
133
396
531
410
267
27
27
27
40
91
53
59
59
262
204
332
332
332
332
541
543
543
557
568
511
511
511
511
112
129
129
129
129
29
29
29
55
55
255
255
255
229
148
81
81
591
591
131
265
146
697
334
612
612
134
130
130
511
235
102
198
186
150
11
11
312
311
420
461
358
162
254
468
493
371
386
386
179
