109
0
346
125
344
165
0
345
539
457
88
66
125
156
243
303
228
602
628
628
628
629
629
591
458
458
50
38
37
37
264
164
37
182
112
112
112
122
390
253
203
206
194
46
40
55
55
55
53
53
53
95
282
260
260
236
284
344
340
212
212
442
452
452
102
236
102
102
102
102
222
243
175
265
606
606
606
606
583
583
394
407
407
158
227
141
135
137
666
666
629
515
400
413
123
120
120
64
377
440
392
345
345
349
482
718
439
439
313
271
271
271
236
236
227
227
315
163
98
140
76
111
300
480
480
480
409
391
391
547
504
371
371
381
381
82
82
200
284
203
21
21
21
66
25
198
194
574
574
574
574
683
683
683
692
692
727
727
512
499
499
286
305
307
698
698
476
476
537
237
237
237
726
707
707
746
484
522
531
531
444
411
381
401
363
252
212
716
716
712
713
749
648
648
621
621
722
115
624
625
