617
617
551
553
553
505
398
535
580
596
573
596
585
588
588
446
629
626
649
167
414
91
71
123
251
85
105
618
628
628
405
383
420
322
411
411
588
671
700
700
701
591
593
181
164
510
448
448
684
684
706
706
719
300
295
313
373
230
648
648
648
648
625
565
527
673
678
726
726
726
726
744
721
721
334
362
98
522
504
513
479
477
116
86
86
86
138
132
357
379
298
298
508
61
159
59
599
599
519
420
233
328
390
375
382
382
225
225
241
256
87
570
491
209
200
170
137
137
137
137
137
193
500
681
328
328
695
689
661
568
393
514
333
542
566
637
482
404
401
437
461
345
677
145
274
274
279
274
260
55
55
55
55
28
28
41
41
41
41
608
338
531
549
573
457
457
512
438
440
442
357
306
265
389
510
305
436
402
607
529
491
647
458
358
42
13
6
6
288
288
284
284
284
33
338
608
608
554
554
463
