244
244
244
296
376
341
466
437
502
482
482
283
290
265
220
219
0
119
151
151
151
291
291
291
240
240
339
339
699
472
140
230
238
466
217
222
287
287
319
430
707
429
422
400
364
400
378
143
143
409
126
161
161
534
710
573
391
389
614
352
352
311
311
577
577
596
596
454
537
228
228
228
47
47
47
159
159
159
159
159
100
386
379
369
472
288
357
511
346
513
513
433
406
413
413
413
44
44
44
106
229
249
224
224
224
506
298
298
70
138
466
466
460
460
460
382
283
393
459
447
70
358
358
409
408
545
504
504
553
512
512
512
426
356
353
233
150
314
497
497
376
497
497
570
390
250
582
99
99
99
172
172
655
655
285
655
655
394
394
394
394
394
394
413
555
578
232
233
117
117
280
201
196
356
351
351
325
325
118
88
177
413
449
47
435
202
341
717
717
717
515
359
471
504
504
504
534
506
506
270
