320
320
370
298
298
298
298
128
365
365
317
356
551
551
558
571
510
569
489
536
569
340
369
437
99
99
484
201
213
268
250
212
162
374
150
410
533
342
76
75
75
75
75
64
162
252
325
588
588
501
501
516
160
171
279
176
226
89
98
132
132
118
371
61
82
63
117
440
258
274
474
392
183
233
519
614
614
614
630
576
536
306
449
449
381
381
381
231
185
171
369
417
236
236
433
679
300
102
79
135
225
283
418
426
99
105
238
430
582
287
353
353
287
327
477
537
537
534
609
608
593
408
451
643
745
651
624
536
606
482
269
348
267
267
396
396
518
518
511
446
446
437
489
320
589
596
592
596
596
381
381
391
334
194
584
589
448
340
340
382
411
457
458
432
523
116
129
98
98
165
98
570
567
568
540
444
444
444
444
540
85
528
528
661
287
516
534
238
176
180
160
146
185
185
190
447
176
176
111
74
