32
276
276
172
533
533
502
93
93
409
622
622
187
527
401
424
110
516
516
552
552
552
725
639
639
637
637
725
725
750
671
671
667
561
573
555
579
635
656
654
586
654
648
682
666
626
222
300
174
174
94
249
249
421
346
370
424
351
374
374
136
542
538
515
462
99
57
108
96
528
477
418
390
437
394
394
385
70
70
141
130
97
136
116
69
345
521
717
696
728
728
728
596
596
402
490
527
527
521
565
596
563
525
431
118
101
81
415
415
366
5
150
158
264
305
230
230
295
253
469
94
153
237
237
289
226
149
691
691
691
581
437
547
358
102
77
46
20
242
242
242
242
451
650
655
655
655
655
655
655
655
672
672
708
521
452
517
60
113
217
179
179
164
478
478
612
669
675
675
511
674
674
674
674
674
674
674
706
499
443
659
706
706
706
333
190
190
342
589
727
119
126
126
298
123
574
507
551
561
484
