0
0
0
467
461
461
23
75
23
5
5
526
573
474
390
351
351
370
372
333
358
202
410
410
410
410
276
147
147
321
321
530
680
441
502
415
400
199
199
275
251
297
297
297
317
429
232
407
229
166
70
465
636
636
636
502
535
579
247
382
414
369
481
703
703
703
703
336
348
515
554
545
712
444
416
310
313
514
507
113
145
145
265
265
214
38
38
524
419
318
360
360
419
321
385
488
496
501
461
320
304
328
256
585
602
602
666
627
360
352
179
251
26
68
126
126
276
330
330
315
165
291
224
329
567
536
531
370
427
329
624
527
210
218
89
157
406
406
295
295
219
153
103
227
63
216
256
320
403
539
539
539
556
561
561
747
716
712
712
722
588
606
293
293
273
709
550
429
288
326
172
172
157
151
149
168
168
89
439
411
414
426
230
230
262
205
205
205
700
700
701
701
701
609
609
561
561
620
570
577
