313
116
125
327
5
5
215
215
213
178
176
268
25
25
46
25
44
5
1
339
339
347
347
298
224
211
256
301
430
489
416
485
489
489
489
489
422
418
261
239
78
152
176
28
28
32
369
193
100
118
118
83
83
83
321
334
100
100
100
215
215
121
121
121
73
73
87
42
42
42
42
42
42
42
13
13
172
224
215
237
237
242
24
9
13
18
18
18
19
19
19
19
19
68
170
170
170
48
48
163
483
477
406
406
406
431
358
336
413
413
413
413
413
240
410
408
404
404
249
249
249
168
168
168
330
330
330
330
261
261
401
418
418
43
88
88
64
64
64
64
64
82
19
53
53
53
256
100
102
84
84
69
69
275
263
199
199
199
199
118
118
118
118
147
339
277
406
403
413
365
365
365
238
216
216
281
249
249
127
127
127
127
129
105
154
147
186
156
197
114
114
408
413
383
218
297
338
155
155
266
