0
179
179
199
270
267
237
0
115
52
52
187
187
288
377
380
36
36
170
352
574
384
384
610
610
126
126
322
322
305
334
334
102
102
102
153
117
117
205
205
205
155
155
431
431
515
515
343
339
341
352
573
573
184
9
194
326
326
293
303
308
308
308
147
153
27
28
28
16
59
58
387
376
473
574
557
557
557
722
732
669
732
732
689
689
689
668
646
486
486
526
294
500
315
219
396
251
234
106
113
734
334
213
213
213
213
132
223
188
188
188
188
438
552
156
436
436
752
752
752
461
461
752
752
752
674
683
683
311
400
553
553
441
388
381
745
745
735
745
612
647
222
389
360
290
195
161
555
210
185
151
471
471
257
153
153
181
219
497
589
589
384
181
292
292
639
494
453
524
393
393
393
460
477
477
497
555
536
555
569
662
476
507
607
607
614
687
690
691
387
408
386
303
336
336
328
328
427
299
217
