0
304
264
434
227
397
408
342
373
375
442
465
560
567
563
506
506
288
224
211
236
118
118
106
259
236
244
244
244
104
130
130
130
130
130
466
466
582
645
667
667
642
642
642
642
642
526
476
551
408
453
402
480
253
195
135
469
522
200
370
269
410
427
443
444
562
644
557
605
251
330
254
498
452
452
484
431
431
305
443
418
384
368
488
508
328
648
415
415
332
296
277
374
394
367
367
688
688
689
357
370
370
311
311
311
292
500
75
608
398
206
243
86
138
150
67
0
0
0
0
85
438
438
568
568
668
668
539
464
385
321
7
108
7
589
664
673
693
166
59
297
550
501
501
283
486
181
152
152
152
175
622
622
415
415
451
481
493
493
492
67
296
67
67
479
664
664
616
323
473
434
349
396
400
353
245
408
281
216
455
455
481
435
485
370
453
498
520
414
430
496
410
236
186
467
467
720
569
569
569
