0
122
517
460
460
460
444
444
6
6
6
6
103
176
122
55
0
18
35
176
217
345
320
508
542
542
585
585
580
517
634
616
509
351
252
60
60
60
60
191
187
187
119
254
258
258
315
364
354
489
489
311
441
157
157
362
592
462
462
514
366
366
116
324
223
190
203
110
110
110
109
150
455
473
472
486
510
470
467
467
480
534
592
469
372
350
309
302
533
267
328
366
361
434
416
416
403
395
394
308
382
382
135
294
301
284
244
71
110
231
231
231
447
664
664
664
481
481
488
175
97
97
192
192
262
402
484
355
384
560
623
623
623
623
439
439
439
634
639
739
371
443
428
161
189
248
300
425
481
484
224
221
221
98
98
98
98
420
22
268
265
524
395
343
343
464
552
707
707
707
707
707
707
646
646
646
318
318
250
364
372
270
271
255
53
53
317
53
53
53
38
81
92
220
220
220
220
189
377
238
