0
0
0
0
0
88
8
191
181
575
542
455
539
253
448
543
68
82
82
597
597
694
323
100
37
37
42
42
0
0
0
0
0
147
166
166
283
339
402
402
421
156
191
178
529
565
361
207
346
346
486
649
462
462
462
462
462
462
450
526
389
394
394
384
468
468
468
521
584
385
368
303
207
462
270
126
430
408
408
180
241
267
118
117
226
329
329
351
139
124
124
590
223
229
544
471
471
516
601
606
569
302
302
349
403
128
128
128
461
461
659
659
659
659
59
59
59
176
327
327
327
327
509
500
441
605
621
621
621
36
577
645
714
693
720
741
741
689
606
606
606
750
272
224
414
394
219
217
163
156
699
497
484
686
686
191
49
126
458
416
416
545
545
163
323
323
323
323
323
128
128
128
128
128
276
275
220
220
72
72
431
432
432
432
103
109
103
103
183
183
183
183
565
562
552
463
549
549
449
294
