27
27
25
25
125
351
351
140
88
484
475
484
484
424
232
322
512
326
464
266
266
319
152
145
145
73
73
73
275
712
701
717
399
320
128
117
111
165
112
112
440
58
366
271
342
63
63
364
265
488
488
488
488
625
601
233
52
15
76
88
0
0
221
291
154
92
92
92
193
198
198
299
502
727
727
727
702
702
702
727
727
727
424
709
709
710
710
710
710
716
716
716
716
716
645
645
615
645
321
236
624
624
639
639
639
731
684
731
731
740
740
740
740
740
581
107
107
107
334
355
326
319
121
205
205
0
56
56
56
246
246
377
593
592
638
638
638
638
658
581
582
617
630
346
344
344
340
86
86
276
190
491
491
491
470
470
130
113
61
141
0
80
80
88
0
356
356
193
368
134
0
0
0
207
221
340
559
582
503
503
507
507
0
84
84
84
312
399
399
477
380
479
508
458
472
485
315
384
642
13
