0
171
248
320
21
488
88
449
449
449
449
456
456
449
519
619
641
507
364
412
724
724
724
671
666
666
653
643
610
634
634
496
695
695
695
678
695
697
698
698
702
702
708
251
551
666
208
208
208
208
170
357
359
353
166
111
200
397
397
278
418
242
334
344
427
106
737
447
504
502
328
350
592
399
735
751
711
608
551
315
310
260
204
467
439
512
512
518
751
751
751
751
751
573
573
573
182
171
171
201
201
201
318
182
158
158
347
347
121
165
296
80
80
140
140
508
162
335
490
649
458
458
443
330
267
277
195
195
330
330
313
622
260
260
414
176
131
131
131
123
123
541
541
111
18
142
84
87
114
42
278
363
127
106
106
106
106
106
276
288
295
493
488
84
55
122
127
323
183
219
219
219
149
149
149
399
238
447
359
277
130
274
280
280
480
640
658
722
206
93
102
102
102
93
165
388
393
646
646
628
