0
0
0
0
640
462
397
6
6
211
213
213
312
121
120
120
120
408
500
500
448
469
469
570
428
6
80
69
69
292
292
365
365
346
303
353
505
515
479
479
479
483
483
552
552
557
726
497
671
757
736
736
757
757
757
592
633
633
595
108
113
96
96
96
63
344
344
344
195
141
210
434
427
489
392
372
571
556
669
669
669
442
442
400
400
248
204
69
68
68
68
152
409
409
409
409
499
499
610
744
587
683
559
694
606
98
319
722
722
722
663
608
568
642
642
706
628
331
284
270
750
751
702
383
69
69
69
146
52
52
52
52
51
47
47
47
590
314
318
424
356
452
78
119
459
459
615
640
757
563
563
563
561
359
290
110
110
168
110
178
178
301
151
271
133
222
222
222
209
278
276
405
342
412
42
86
740
740
533
410
167
167
215
639
696
672
314
526
539
728
728
635
635
635
619
317
317
317
511
564
