0
457
440
440
453
398
79
189
151
578
578
713
720
582
484
484
484
509
509
484
601
518
299
299
374
325
530
718
268
268
268
526
526
433
526
71
71
71
71
113
113
110
110
60
680
472
560
586
586
586
586
586
548
407
399
593
557
436
441
421
364
85
92
318
316
309
309
309
80
80
675
663
663
644
92
157
210
434
434
443
614
471
696
558
199
167
672
672
541
684
681
681
490
507
268
496
474
474
474
735
625
755
755
755
743
755
755
755
755
709
484
377
512
468
507
507
224
483
77
77
229
219
177
177
329
520
520
450
270
246
485
502
389
389
194
194
441
441
37
135
119
119
189
193
193
188
275
501
382
1
1
1
125
125
17
285
366
462
242
436
168
276
119
119
154
144
475
475
475
193
87
44
44
44
44
373
370
378
337
532
615
615
615
577
225
428
467
299
469
48
79
79
116
312
312
312
467
474
474
467
