0
80
80
191
191
440
210
210
210
572
572
572
572
572
443
454
428
138
152
723
642
648
496
427
57
57
57
234
517
572
49
146
174
204
233
145
117
174
117
51
161
72
51
142
108
185
185
187
208
182
367
329
203
358
292
292
273
273
345
197
73
73
312
282
480
463
391
495
495
521
372
462
462
462
462
616
526
529
746
346
377
406
406
417
417
417
406
540
674
445
400
518
227
379
210
224
235
235
235
282
379
446
564
564
432
233
228
368
368
227
226
272
237
136
136
654
654
654
628
628
163
163
371
356
356
356
364
362
362
412
148
416
288
641
175
305
558
545
551
300
253
316
316
107
105
105
44
44
318
346
346
374
374
374
321
188
188
328
311
296
351
490
762
727
727
696
362
362
362
362
362
429
434
762
599
334
364
364
212
606
623
623
623
513
345
623
623
551
623
378
493
393
393
393
184
184
201
547
507
499
