71
71
231
231
314
341
467
438
457
457
626
530
65
92
113
119
345
313
381
294
190
274
267
345
284
631
631
631
253
518
518
615
350
350
288
288
396
396
479
442
326
281
553
619
594
594
594
565
459
315
691
536
296
296
177
234
171
171
193
181
224
224
434
348
432
432
587
587
427
427
269
274
12
104
104
210
212
212
212
212
141
141
365
365
88
203
429
445
175
410
410
410
587
630
630
630
305
314
286
653
436
474
494
258
736
736
745
745
745
745
378
623
288
49
49
529
34
118
467
151
317
151
194
518
244
112
112
112
367
592
548
382
703
378
378
354
354
440
392
370
395
360
601
433
536
534
534
534
534
701
701
655
500
546
548
449
239
239
525
525
507
109
127
127
488
451
343
343
445
445
494
482
482
279
615
615
696
681
597
565
681
681
425
667
667
681
681
682
682
682
682
688
634
313
203
108
48
152
101
127
