0
0
0
275
183
22
22
0
0
79
93
14
14
14
14
14
155
155
155
208
185
298
232
355
328
415
415
363
362
266
315
256
235
182
67
67
83
237
142
77
132
119
372
368
368
368
368
368
348
292
292
170
170
224
224
188
188
199
144
109
109
255
208
296
303
256
257
257
260
257
257
157
134
357
368
345
371
272
286
320
410
427
452
469
383
369
369
367
350
133
115
107
20
18
18
9
9
9
9
9
298
316
316
256
256
404
422
422
189
213
139
219
171
117
244
179
47
102
327
327
234
243
243
89
255
49
65
65
65
61
49
17
17
38
38
38
12
94
163
182
166
103
30
30
28
184
136
136
133
133
12
104
101
101
101
119
76
76
76
76
76
225
293
510
301
418
291
452
401
427
359
360
500
500
427
428
104
271
271
147
184
184
109
199
302
266
218
259
120
120
120
120
444
416
311
178
162
214
214
214
