371
214
383
441
530
644
640
275
275
487
321
612
612
616
645
712
712
533
37
37
37
21
21
351
536
286
286
286
334
291
262
250
229
144
144
4
4
4
317
267
310
76
76
76
159
129
4
4
241
214
214
84
84
84
240
240
245
654
654
660
426
462
462
537
381
381
409
409
458
458
458
629
629
462
502
394
316
217
217
68
68
195
195
481
481
481
481
481
481
185
178
506
499
499
499
189
261
416
271
95
95
95
295
175
175
182
196
174
174
135
125
149
100
30
240
615
607
305
726
594
594
594
594
594
594
543
726
328
459
459
510
726
726
726
726
726
576
576
425
483
411
403
347
347
162
160
243
503
483
483
437
569
724
711
711
676
676
657
485
563
519
519
410
535
196
196
196
196
196
324
186
186
145
145
145
500
610
293
293
461
492
532
128
122
86
15
29
48
375
376
179
563
655
582
506
506
514
482
379
318
