0
0
0
151
101
101
101
134
135
135
135
129
207
256
355
379
442
440
96
96
332
453
374
413
413
413
446
38
655
655
655
635
635
696
721
702
686
717
664
330
671
478
342
351
359
359
379
275
500
500
755
445
445
445
346
418
683
584
440
284
287
292
292
302
198
210
383
383
264
261
377
248
248
248
393
295
295
295
160
315
633
629
629
623
707
711
711
657
696
696
114
14
14
14
117
117
214
14
384
647
717
711
711
711
711
711
381
434
647
163
693
693
721
572
530
500
531
574
584
501
588
588
588
670
666
666
571
186
730
378
521
521
415
671
671
671
600
475
523
451
450
241
271
297
486
486
486
490
464
364
732
732
728
633
540
540
584
619
696
662
569
569
185
224
316
291
713
721
405
405
405
41
22
371
153
148
196
208
160
160
269
269
629
643
643
637
751
751
599
751
409
491
489
318
156
156
562
562
563
752
