641
396
396
396
319
298
367
367
162
237
34
96
96
96
96
266
736
736
738
738
561
483
483
301
301
467
467
516
516
558
278
306
261
253
4
4
4
275
407
515
121
206
180
185
225
213
280
451
465
712
701
633
651
677
497
531
503
711
713
720
720
513
55
55
55
55
85
251
539
478
535
535
431
321
225
225
225
4
5
5
96
96
96
96
136
136
142
158
287
375
224
522
522
581
581
583
586
521
505
505
324
306
643
643
505
505
519
519
488
488
397
453
453
392
392
371
472
704
540
540
540
113
461
461
470
470
561
561
499
562
426
446
394
261
331
317
496
316
494
494
591
642
642
718
202
187
67
76
87
87
87
78
78
67
67
195
195
201
201
177
177
177
177
177
215
215
213
431
478
478
478
612
741
741
741
732
662
732
741
557
513
448
448
448
212
270
328
369
374
400
444
429
361
209
198
68
63
63
63
63
