0
0
0
196
0
348
219
121
0
0
139
107
118
131
10
10
10
10
10
10
10
32
55
143
756
756
756
510
423
155
155
69
688
688
688
699
594
614
614
446
124
699
454
417
456
699
590
590
590
343
335
335
352
392
344
386
630
724
588
571
423
714
550
550
387
387
231
179
86
86
152
237
734
734
736
722
526
722
476
350
126
29
304
507
498
484
466
417
417
618
618
697
410
410
544
568
568
569
722
443
375
319
293
361
361
361
522
251
251
320
239
68
68
154
68
31
31
83
173
152
147
138
302
335
152
152
120
415
415
483
614
600
96
96
181
172
87
142
99
84
66
76
161
161
161
462
462
564
738
738
744
744
387
387
243
91
91
91
91
91
91
82
82
67
356
669
669
669
669
669
669
614
614
93
230
444
451
768
768
280
279
139
139
139
139
139
167
167
167
148
148
99
194
631
497
340
539
539
618
581
