130
130
323
291
286
200
200
207
503
496
496
496
0
214
214
214
380
380
388
380
462
568
298
293
354
386
621
304
326
337
369
172
229
229
119
150
150
74
39
39
39
265
265
749
249
412
412
257
557
531
682
691
691
547
341
459
576
576
576
576
492
495
445
492
502
502
484
665
767
398
209
190
190
467
454
454
464
439
447
441
207
226
581
466
466
327
315
311
510
499
410
319
41
13
13
13
338
284
422
13
13
148
187
523
243
377
375
668
97
97
97
97
97
97
514
484
347
35
142
106
172
172
720
720
745
745
467
490
573
287
548
548
465
465
703
400
423
125
156
156
323
295
295
293
293
370
262
263
267
189
189
149
149
550
550
460
460
598
601
601
691
483
481
263
270
429
232
246
264
184
11
11
349
349
264
264
280
309
436
531
666
612
709
709
677
677
677
234
170
169
160
173
349
566
494
391
498
503
198
279
