422
321
447
369
368
630
199
199
199
252
142
142
94
59
59
369
221
142
477
595
219
31
31
131
349
166
201
201
139
139
139
442
580
336
336
277
557
251
176
634
85
488
488
370
210
302
333
400
342
355
342
342
429
457
457
240
236
51
581
374
372
372
372
290
150
150
167
153
153
0
341
17
17
102
80
80
250
252
252
252
383
393
393
270
229
392
309
312
312
469
469
390
388
591
635
636
446
562
562
546
517
124
119
119
54
600
589
589
574
83
149
207
496
717
683
683
470
378
517
517
517
487
467
628
640
461
463
392
223
223
413
382
658
575
604
117
71
486
593
690
690
590
590
666
666
666
672
161
161
335
252
288
111
471
136
155
155
185
62
26
40
40
219
59
237
237
80
50
50
608
608
521
521
212
157
147
263
58
227
192
397
497
497
413
84
159
199
360
211
450
733
733
511
511
501
111
111
102
295
430
