0
0
44
236
236
253
163
163
79
258
230
230
230
275
592
513
312
271
270
270
154
369
370
365
366
111
4
64
203
203
203
203
203
346
346
422
422
431
453
383
503
568
420
420
158
182
182
645
645
645
645
645
729
729
365
258
256
495
491
443
443
595
595
517
517
644
644
639
546
530
530
372
324
354
555
455
329
337
337
262
189
189
239
239
546
180
439
610
604
49
55
192
105
105
561
561
380
232
338
233
239
332
405
405
409
518
522
643
512
603
651
339
351
333
314
231
268
273
475
222
223
223
223
213
461
381
564
614
607
631
631
721
725
472
437
739
739
738
380
738
725
725
37
159
37
37
451
451
452
296
348
379
637
624
689
654
632
266
266
266
264
263
282
282
282
467
467
329
329
285
279
292
359
384
384
314
332
411
401
644
679
680
743
743
743
743
167
158
158
143
410
410
337
336
406
576
326
326
337
63
