0
0
483
254
254
222
136
143
511
535
489
562
349
287
319
230
281
417
209
243
464
494
570
453
453
453
682
643
492
463
483
396
425
672
575
559
498
708
578
578
443
535
538
550
326
380
380
125
416
612
612
507
512
512
532
519
468
468
492
429
429
456
473
536
514
514
599
574
255
261
299
364
350
51
51
104
104
104
104
104
104
142
142
92
227
314
724
728
728
728
728
611
728
730
730
730
653
730
730
657
657
656
577
577
511
458
518
472
373
630
630
683
669
697
679
697
446
446
449
449
567
567
602
605
538
289
482
656
483
417
484
498
8
61
59
117
176
296
302
424
447
447
578
586
586
586
586
615
615
678
663
663
665
665
532
479
479
365
365
390
390
204
228
435
498
174
575
447
137
215
175
175
175
406
465
465
465
465
461
461
461
674
674
674
321
342
417
478
581
610
77
77
534
534
562
562
417
529
498
498
