0
0
293
471
528
575
567
399
400
460
732
648
73
71
0
13
256
80
227
145
362
233
317
317
275
635
607
644
676
682
682
687
687
682
683
574
604
644
643
643
666
752
752
704
692
377
643
685
685
529
530
530
508
517
291
264
264
243
91
414
688
688
688
661
632
532
544
502
596
504
443
443
443
446
512
589
335
127
127
88
88
77
162
162
162
70
70
45
45
60
45
184
214
627
627
627
627
665
665
631
684
684
684
670
670
183
191
193
609
405
422
503
362
354
218
218
101
190
121
94
94
131
426
509
389
417
54
676
676
676
642
570
489
500
141
141
141
136
136
109
177
204
582
519
519
610
610
660
471
261
0
0
0
101
98
98
98
98
209
209
390
483
483
537
282
286
481
609
609
467
502
564
577
609
371
435
371
435
421
749
252
264
264
266
197
148
148
231
231
148
201
145
145
145
145
145
515
469
469
347
