398
398
238
361
91
91
25
9
334
334
302
425
506
538
366
366
124
163
130
186
186
186
186
378
187
155
116
8
8
5
5
5
406
715
715
210
234
131
238
593
593
593
593
593
655
655
749
749
640
474
583
597
560
560
363
565
340
349
349
465
316
200
107
219
322
322
276
227
227
150
150
46
46
96
470
167
80
80
174
286
237
288
339
457
494
421
230
211
253
237
228
136
73
73
51
169
139
376
359
771
771
717
717
717
771
771
765
773
727
510
596
773
773
740
658
773
773
773
773
751
647
466
275
330
123
13
13
13
13
13
440
440
482
502
484
484
433
533
446
437
516
516
326
326
319
600
679
679
741
741
728
534
628
628
523
138
138
505
505
476
130
228
228
526
379
538
583
128
458
472
443
193
169
272
458
499
634
529
529
543
648
616
330
318
331
318
291
292
559
655
655
655
734
474
373
173
192
417
387
257
