0
90
90
51
274
423
346
275
284
287
69
115
190
190
34
31
31
31
233
130
126
126
64
41
293
322
147
158
81
81
133
192
140
140
139
172
214
76
286
286
326
465
512
512
470
488
489
513
513
513
513
378
248
159
203
380
354
262
271
389
400
397
397
400
422
422
453
453
341
411
353
386
387
207
241
241
253
253
402
298
300
359
359
322
370
392
386
438
401
438
245
471
500
500
264
7
87
135
124
98
112
304
249
249
252
252
103
103
249
249
179
256
288
299
299
23
11
11
23
301
311
296
350
361
88
144
45
92
310
224
283
283
322
336
353
349
432
320
328
399
399
321
362
219
240
199
45
45
45
179
198
252
242
242
478
346
322
53
111
111
180
34
45
45
45
45
60
63
63
162
165
162
199
170
91
130
77
146
117
190
190
222
176
150
150
36
90
163
163
260
267
137
139
139
135
127
127
440
440
391
