0
0
119
196
196
77
77
0
45
0
285
365
268
455
455
482
482
256
256
262
262
163
163
196
322
322
450
400
400
416
424
661
522
522
504
504
448
247
535
535
499
499
535
463
463
253
475
576
419
419
419
433
433
433
463
574
571
326
142
108
10
10
10
10
10
36
514
514
141
122
437
252
85
85
96
209
209
209
361
521
449
447
519
517
487
94
154
216
216
225
8
8
8
144
144
144
136
136
358
553
630
652
652
697
695
695
425
135
262
264
264
347
248
246
172
173
173
204
204
166
143
181
241
241
227
137
415
515
310
360
518
517
202
202
202
202
279
279
240
332
332
408
412
320
408
476
421
312
119
55
174
193
655
634
634
717
717
717
609
687
687
687
728
673
167
167
167
743
253
446
544
325
94
94
94
670
450
297
182
165
165
165
484
268
268
410
735
735
701
701
701
701
701
701
711
589
522
489
318
333
