0
0
0
138
138
188
560
547
547
429
429
429
571
571
678
521
538
536
410
410
337
533
409
380
233
253
292
160
176
135
135
177
157
181
194
408
311
523
404
547
547
443
183
169
432
153
153
34
34
37
54
54
37
685
685
685
685
685
685
620
310
296
593
292
291
277
260
230
568
631
678
763
302
267
247
224
436
439
439
306
306
4
255
287
388
170
170
227
178
411
702
702
208
232
220
718
718
590
590
610
610
610
597
597
223
223
53
299
120
120
248
248
221
120
120
120
300
492
599
599
571
571
521
287
450
485
714
349
58
58
57
378
243
57
57
57
57
246
356
374
374
538
570
766
766
344
229
664
671
671
671
773
773
662
704
421
490
490
203
478
641
773
773
773
773
724
724
622
688
688
599
599
683
552
679
773
699
548
527
720
596
376
279
268
280
280
281
334
17
17
93
95
245
335
335
229
580
271
271
600
