48
48
57
57
57
57
62
14
20
20
20
217
180
108
18
18
18
18
173
173
436
436
295
143
162
162
92
235
148
353
279
279
48
48
151
85
146
212
212
301
302
247
258
285
148
148
254
254
111
57
46
46
466
483
591
414
414
414
485
486
634
634
506
171
367
196
196
304
304
304
304
739
739
673
68
68
68
108
108
108
108
108
108
40
0
0
0
0
144
83
64
64
19
139
32
145
145
145
145
32
728
743
720
743
421
690
165
359
359
542
367
382
575
656
656
533
533
756
756
368
242
242
170
722
709
644
709
709
725
725
725
702
565
541
473
510
510
120
120
120
144
537
537
527
711
711
700
721
745
697
743
624
614
6
382
386
207
116
76
76
209
261
261
261
277
210
210
92
91
173
173
405
189
120
120
358
358
349
307
479
313
131
93
369
301
301
565
582
446
446
416
416
589
693
693
693
756
756
144
144
