0
320
162
162
156
86
11
14
14
657
541
617
617
428
360
352
179
179
0
0
536
612
612
644
528
326
639
663
663
617
486
486
539
547
673
340
328
373
634
647
647
335
335
335
165
165
183
262
432
335
519
235
202
436
401
311
266
266
631
364
360
90
49
437
312
110
110
156
1
498
498
496
262
414
414
409
453
445
224
320
54
35
35
35
73
146
146
112
1
266
286
286
286
595
761
761
761
733
693
693
693
693
636
302
411
411
405
630
630
630
630
622
580
736
711
711
736
506
634
505
504
639
270
287
93
93
356
627
627
627
92
159
119
75
496
496
422
366
430
453
453
453
471
194
20
23
16
16
8
162
450
397
528
528
528
528
528
595
428
176
144
181
51
51
51
75
51
216
332
302
137
193
201
83
88
17
17
237
237
223
282
238
490
710
33
150
230
447
415
423
423
745
683
551
236
639
639
639
759
601
