0
0
0
0
35
212
212
366
388
388
691
694
506
718
594
718
715
649
419
352
313
328
328
328
266
618
643
473
690
690
767
732
698
76
107
76
76
76
76
76
597
334
336
336
454
149
145
369
366
215
263
126
126
126
126
120
296
296
296
343
343
346
330
379
766
766
603
603
721
766
766
607
607
215
173
546
479
665
755
744
754
572
532
526
531
340
182
319
671
575
598
507
512
472
478
692
659
733
557
459
387
387
387
341
353
382
384
309
482
708
697
697
755
747
747
717
638
152
244
244
191
678
575
395
395
328
636
450
212
243
243
174
164
164
357
199
237
237
237
325
338
597
629
624
535
203
203
540
479
290
476
628
584
584
207
263
263
100
100
223
153
136
139
139
175
402
275
450
454
454
519
269
125
125
115
414
435
388
454
777
629
667
667
115
115
115
115
115
115
115
426
452
367
452
430
432
412
530
514
94
