0
40
40
17
149
18
564
564
564
585
531
531
531
531
179
284
639
253
233
455
654
657
657
516
516
516
492
498
492
290
242
242
242
10
10
10
217
289
362
316
540
540
540
540
528
498
238
238
397
407
478
478
714
708
708
708
635
635
714
714
714
348
578
383
285
211
400
503
606
313
584
278
294
647
52
52
481
211
267
267
291
505
499
515
314
227
359
461
497
610
610
348
98
98
98
98
98
536
579
575
579
579
775
775
775
718
663
481
311
324
379
42
339
25
290
276
271
272
226
375
115
154
251
377
377
347
362
483
775
740
740
351
351
469
490
349
366
714
715
279
552
476
476
476
539
497
444
312
632
633
633
554
554
701
701
596
509
525
729
729
721
756
638
277
277
288
288
288
288
288
737
287
347
214
90
513
577
521
779
410
527
527
527
610
556
400
100
266
266
100
100
76
93
89
334
390
581
499
593
135
