198
198
198
198
198
0
0
12
336
694
694
633
621
621
621
538
538
248
568
557
653
682
682
682
624
624
624
682
682
203
268
268
276
276
585
98
604
604
448
448
448
359
409
493
587
587
134
134
216
216
243
216
542
588
540
511
683
233
195
716
716
716
716
290
274
101
101
1
106
106
150
150
150
150
150
145
358
578
621
622
345
526
660
378
620
563
696
424
366
428
736
597
596
620
618
607
546
712
553
677
677
677
647
638
672
424
350
359
372
370
48
81
48
407
407
407
382
382
575
584
563
563
563
449
424
74
74
74
292
438
469
585
476
476
426
585
545
545
458
28
28
28
28
51
59
59
226
538
486
340
449
449
756
646
581
549
653
441
106
87
128
172
586
586
541
541
541
538
456
274
274
574
698
383
383
194
194
236
236
228
236
145
111
436
751
686
356
362
362
315
199
203
293
460
528
528
421
386
386
386
