0
0
277
241
53
362
363
430
438
438
466
308
419
210
210
188
188
65
282
290
426
192
401
441
415
415
498
98
98
114
465
316
300
462
462
320
320
503
280
283
271
182
164
459
409
409
489
489
489
489
405
405
405
541
541
607
607
470
564
529
484
529
529
646
646
632
632
673
673
673
735
594
735
735
517
426
377
377
289
293
293
325
224
184
479
482
211
211
387
130
227
255
409
381
194
749
755
273
755
742
729
729
755
755
755
755
614
586
475
471
700
395
368
346
633
622
622
533
467
306
318
585
596
547
541
558
531
531
491
491
414
243
107
70
194
110
372
513
511
441
441
223
223
525
701
437
513
522
179
26
26
566
672
672
604
667
711
190
190
337
27
27
54
107
208
542
372
360
295
295
30
30
125
282
282
280
280
487
467
663
663
663
587
587
452
699
702
702
628
707
501
272
172
481
339
399
125
96
96
187
