416
416
286
415
415
460
299
299
74
74
74
65
143
56
146
146
99
442
403
80
80
210
210
210
538
538
538
538
538
543
543
543
256
665
665
665
665
463
463
729
729
150
150
132
132
62
193
62
62
39
34
34
34
392
377
377
307
307
266
259
394
394
331
430
77
101
87
247
38
38
63
177
73
647
319
319
19
466
1
1
1
106
329
656
225
229
331
695
654
695
730
730
748
739
612
620
462
620
654
663
500
748
348
204
569
604
607
759
759
678
678
720
569
759
758
400
546
762
597
709
340
340
194
255
255
373
373
410
410
459
517
383
444
177
177
276
336
643
643
775
475
775
775
775
727
775
775
775
770
679
679
655
655
525
54
116
116
106
137
137
312
137
137
528
511
511
543
696
713
704
619
341
290
180
205
280
98
541
541
84
671
441
344
700
700
587
371
167
195
532
145
64
188
374
426
433
555
301
332
423
