0
0
78
423
119
119
440
392
326
543
508
508
508
347
393
393
393
291
499
499
75
135
81
364
3
3
3
3
3
3
3
169
572
549
549
335
78
18
43
94
94
87
87
212
226
389
34
152
34
34
73
51
51
347
281
292
332
270
116
567
585
649
560
560
593
332
376
18
18
38
23
113
32
26
360
382
309
295
347
368
179
29
50
50
245
530
530
516
528
569
544
583
435
436
583
583
611
295
199
201
163
29
28
49
56
577
313
182
165
403
403
333
296
440
454
357
588
635
635
553
547
635
609
719
465
556
300
64
193
652
657
37
60
208
105
119
119
157
227
646
640
646
646
646
646
453
422
520
520
753
520
753
753
542
620
620
618
577
751
753
753
434
299
343
230
230
266
266
459
383
310
308
308
76
76
104
236
379
516
511
546
560
291
291
386
386
291
384
439
558
288
210
525
427
427
518
767
767
767
767
