0
0
0
66
296
296
377
352
370
265
177
433
236
289
249
134
153
153
30
111
111
30
222
226
314
314
103
30
4
4
36
36
36
148
148
148
36
36
44
44
44
11
11
11
11
451
451
307
345
489
234
41
67
67
67
471
386
385
385
86
238
229
85
85
79
437
237
157
157
318
342
342
396
310
264
147
65
75
102
92
181
213
243
243
478
518
518
426
422
211
152
152
322
120
93
168
312
38
468
405
217
218
217
8
8
183
180
180
206
229
152
152
190
195
284
184
182
182
182
183
183
233
253
82
177
180
65
340
427
364
305
94
142
292
292
506
506
259
292
293
295
299
278
120
181
433
401
298
253
146
146
185
146
265
241
230
256
121
213
376
376
324
324
383
383
383
82
61
81
81
48
8
11
78
392
331
352
414
414
443
300
213
213
213
190
313
374
377
377
206
226
226
322
256
245
310
358
358
491
491
