169
0
0
22
22
237
213
213
303
158
196
635
595
476
763
763
671
757
771
771
359
359
483
483
661
669
720
644
658
618
404
697
394
607
607
659
420
616
553
418
702
297
254
254
599
553
553
635
603
622
664
683
698
646
457
435
395
395
290
534
445
431
687
687
687
687
451
473
467
467
361
210
463
538
703
155
155
155
155
163
53
41
100
100
100
150
257
257
175
175
7
7
70
42
32
406
406
489
385
428
284
91
145
102
102
326
301
364
712
658
636
636
762
663
468
668
452
518
404
369
690
733
733
733
733
741
566
433
480
508
508
508
404
693
475
496
371
369
311
323
323
383
383
71
176
96
139
145
120
120
77
77
117
427
225
161
177
138
177
77
63
26
26
26
351
400
274
363
384
562
168
168
31
236
236
196
256
70
375
375
279
529
529
288
288
683
683
756
559
281
281
579
389
443
498
498
435
485
485
711
