235
235
235
307
453
619
453
349
349
560
623
623
623
696
248
265
283
283
284
266
317
448
408
391
321
152
206
328
229
71
362
373
660
451
187
187
195
195
195
109
83
83
83
77
54
39
39
177
192
168
45
43
44
384
500
531
544
201
118
124
89
89
375
373
427
495
612
456
523
217
250
629
388
756
756
453
691
650
650
645
615
615
182
66
472
536
513
526
557
557
492
537
616
348
348
522
493
522
522
704
345
345
428
428
653
658
206
498
270
207
207
704
663
663
663
595
161
612
516
516
516
626
626
626
438
550
550
598
598
588
588
588
588
588
672
672
672
278
278
271
475
596
679
705
705
683
688
310
438
315
447
446
549
705
478
467
455
759
771
766
771
771
105
339
356
90
403
403
147
147
134
134
134
98
98
90
90
149
229
206
250
241
235
272
451
194
505
608
608
236
537
527
266
107
107
109
109
81
81
81
