606
606
199
199
219
219
215
247
247
247
89
89
230
230
193
354
354
310
298
647
0
0
0
0
0
0
0
201
30
185
185
185
0
0
141
343
343
275
258
438
438
438
438
614
614
472
381
163
433
488
694
683
677
519
327
361
545
545
650
650
642
642
623
640
555
609
612
533
533
310
395
395
359
641
592
626
581
272
325
340
439
454
242
325
242
315
308
749
749
756
761
761
761
756
630
323
665
665
665
665
665
211
203
410
414
497
522
522
522
538
111
111
111
111
443
523
519
554
554
625
626
609
482
609
372
372
751
320
763
762
732
762
762
762
762
564
446
441
356
198
182
193
182
723
761
525
688
548
548
548
693
693
378
388
479
726
585
585
656
606
676
676
676
676
676
676
676
713
519
447
564
267
619
554
547
533
97
636
288
288
336
302
598
680
439
392
392
644
643
643
356
664
664
170
170
125
109
109
109
109
