0
139
0
8
8
184
321
321
561
561
328
440
436
49
117
119
51
51
51
51
6
421
433
433
395
698
586
586
611
737
663
663
472
489
261
395
418
506
518
448
210
210
520
534
307
246
246
328
328
603
545
603
603
478
408
408
522
522
522
580
635
649
84
105
498
499
271
430
406
654
654
279
297
434
498
426
525
279
279
279
280
714
589
249
347
444
444
492
710
710
710
710
638
536
350
350
343
267
267
500
347
341
386
442
442
442
31
31
36
36
39
39
39
637
637
280
674
674
611
481
455
453
226
421
421
286
286
356
441
506
497
203
235
235
229
396
340
493
519
408
440
440
600
506
234
234
350
340
104
85
54
54
152
152
7
417
65
275
338
292
287
287
554
556
527
552
128
586
632
632
415
415
133
121
469
673
421
546
673
305
305
693
693
729
596
634
650
518
466
604
616
582
536
474
468
463
383
383
479
395
