402
505
210
581
365
252
148
148
756
756
552
519
723
669
530
345
252
109
109
589
449
391
341
161
20
362
150
304
150
404
257
3
3
218
288
288
278
3
3
3
42
42
42
50
42
42
259
278
292
334
195
240
576
624
624
184
30
443
581
279
235
83
18
299
292
292
387
396
327
73
364
228
387
211
211
211
210
10
10
10
10
86
290
328
389
260
227
227
227
105
331
337
337
337
2
2
2
2
2
2
2
2
2
2
597
597
595
666
640
666
482
468
352
199
199
262
666
666
665
77
1
298
779
779
779
779
762
437
279
293
293
492
265
296
287
206
206
206
232
232
176
538
276
276
285
647
683
780
780
780
780
780
586
586
586
601
601
207
207
207
207
207
556
101
101
101
255
255
134
134
134
134
176
329
284
295
261
261
261
215
215
683
292
505
477
477
430
430
320
320
266
283
283
283
266
545
270
105
204
558
