0
363
372
231
387
396
229
229
354
354
354
552
552
588
440
137
137
154
154
325
320
320
326
326
231
400
390
365
438
98
163
163
362
357
659
146
252
749
749
520
582
429
409
720
720
578
607
265
688
696
696
731
726
685
649
649
620
620
629
640
663
182
182
340
580
580
337
529
539
731
785
785
785
263
135
282
435
480
451
302
661
661
760
229
253
384
384
392
786
786
764
750
772
105
365
247
274
274
327
274
349
349
552
540
276
327
500
500
540
540
434
436
419
482
596
220
191
191
514
514
510
733
419
412
179
179
179
177
252
0
0
0
317
0
0
345
0
0
608
608
608
612
635
635
629
629
196
250
250
173
127
179
179
179
407
407
427
384
385
259
259
259
575
751
515
515
571
450
380
380
388
336
333
297
297
352
352
352
352
313
449
222
209
56
56
70
70
70
57
57
172
172
172
98
95
95
356
89
86
79
