317
304
304
304
119
504
138
350
397
344
291
471
471
471
438
438
270
258
407
407
142
75
75
75
75
75
99
99
732
530
691
691
506
506
506
590
669
306
306
269
50
477
477
520
483
520
461
461
627
626
691
587
530
530
611
768
688
681
681
687
731
740
196
196
44
484
484
534
598
598
598
646
597
535
546
516
516
529
516
432
434
483
565
565
642
227
227
199
208
208
199
199
521
374
320
320
431
255
339
644
644
736
485
471
85
262
262
177
597
607
661
661
512
499
513
564
661
716
716
716
617
596
596
596
596
744
110
197
384
583
668
340
340
369
312
312
345
143
137
523
412
316
328
5
260
267
338
331
215
219
317
317
438
412
210
781
741
741
741
578
652
652
311
227
227
447
138
138
629
629
686
686
278
487
519
519
519
344
348
296
296
443
671
671
671
771
598
673
639
700
679
713
726
704
715
760
572
230
230
230
