37
0
0
0
0
0
285
373
373
38
573
313
18
18
18
18
18
18
18
229
717
717
669
715
538
544
569
569
285
285
721
765
495
495
515
440
440
440
530
355
422
422
188
20
20
20
314
314
383
112
99
99
172
93
93
20
298
20
20
398
602
149
401
247
365
365
419
262
262
262
177
177
159
144
144
17
31
225
212
212
356
307
312
312
361
204
204
204
204
204
204
225
99
421
378
378
602
383
383
383
383
355
412
432
304
193
181
138
217
217
352
359
410
410
306
331
592
617
646
677
594
594
600
186
187
627
627
627
627
315
327
460
477
189
314
345
732
379
467
344
233
52
40
79
649
553
553
649
655
237
228
228
144
172
172
174
540
536
370
272
252
252
404
385
371
79
79
121
68
68
281
189
480
788
468
468
282
165
532
315
193
304
273
273
260
260
379
304
239
118
81
210
210
210
210
225
215
329
374
507
