0
0
390
406
245
0
274
320
514
379
379
355
178
95
95
95
85
316
234
234
485
485
432
382
382
350
350
353
364
364
345
645
345
289
368
368
328
488
404
479
479
703
703
694
649
152
505
567
567
607
673
672
672
128
266
205
124
544
554
495
286
176
294
294
437
223
164
231
726
726
670
496
695
695
453
532
494
187
228
397
397
410
410
442
791
791
260
166
272
193
307
303
305
173
173
199
371
428
469
596
591
62
504
501
665
662
662
662
486
575
709
568
568
509
239
239
239
239
236
236
93
93
96
96
96
180
222
222
532
446
783
783
587
379
240
240
530
427
526
291
291
353
353
729
428
444
282
508
745
84
99
655
655
655
297
440
440
475
461
461
466
466
333
323
116
116
350
205
345
249
249
48
48
265
265
265
175
29
29
253
91
209
305
44
109
210
210
210
210
325
594
428
188
185
196
274
82
82
119
222
