145
477
454
631
539
320
320
341
320
374
374
657
598
598
713
492
492
492
336
416
269
364
375
412
389
358
32
7
136
136
136
136
136
174
538
538
580
580
580
349
149
244
238
389
422
600
600
600
600
600
410
355
282
121
121
155
140
140
138
277
277
404
385
108
108
291
317
317
321
313
662
662
611
611
611
188
57
57
188
188
183
142
228
421
421
367
337
377
312
302
456
459
174
149
149
149
123
132
132
132
193
197
132
383
383
277
319
430
345
345
345
264
264
384
384
328
424
117
138
147
196
472
415
518
750
750
682
618
274
154
113
291
1
1
686
628
686
686
686
686
779
779
622
622
230
237
516
526
526
465
465
476
460
119
119
119
122
122
135
573
513
559
559
586
609
794
495
594
480
482
584
773
773
794
434
471
471
485
432
612
612
547
528
670
512
548
548
308
482
482
482
458
458
376
283
686
686
319
222
122
