0
0
0
0
0
166
166
155
155
159
181
223
223
224
151
107
75
54
54
154
264
260
202
178
59
327
327
327
79
397
397
351
375
375
375
342
342
136
175
175
280
400
400
400
244
244
237
300
176
216
238
186
186
165
74
83
81
81
48
95
95
115
106
59
308
135
135
103
253
5
5
36
345
30
335
397
364
263
36
14
14
14
16
16
34
34
122
162
291
271
265
265
263
317
204
214
287
276
265
243
243
320
438
462
462
462
462
462
280
280
280
136
144
147
178
195
146
146
159
306
137
140
126
49
278
61
65
216
128
132
129
141
105
109
36
36
53
115
63
263
63
63
63
63
236
295
295
355
355
355
420
269
185
85
66
139
136
121
141
177
177
124
124
54
76
26
18
165
18
237
332
269
289
196
196
196
192
303
303
56
56
51
9
9
98
98
98
122
130
224
54
54
342
252
252
252
110
110
52
52
