168
102
101
0
0
0
0
99
362
385
128
188
80
80
80
80
192
244
249
422
422
458
432
331
287
160
160
283
188
191
124
61
39
0
263
13
31
47
254
254
258
269
269
299
323
252
280
280
273
171
236
129
192
156
257
370
407
322
261
79
79
79
79
101
101
379
81
39
39
39
185
128
78
53
110
114
225
179
366
380
393
395
162
179
136
174
223
200
200
180
382
376
378
519
519
455
340
427
495
519
431
194
194
181
160
138
138
328
328
427
499
500
500
519
458
458
458
162
202
459
459
459
459
519
519
519
364
364
288
277
313
362
236
225
89
230
243
519
147
147
257
257
229
229
265
120
30
93
93
111
48
48
89
174
360
360
360
359
206
206
206
206
259
217
259
326
182
182
181
162
316
235
40
264
275
136
17
90
90
165
165
492
492
492
439
440
336
239
128
128
48
48
44
44
44
125
44
44
334
44
