132
54
0
0
0
217
82
82
619
464
464
263
213
213
168
168
365
660
557
557
557
487
487
487
593
593
96
96
0
9
318
312
336
170
119
92
236
133
133
210
106
152
152
143
266
348
348
346
227
484
687
688
625
518
275
212
293
594
629
560
207
281
145
533
566
617
617
300
300
300
300
297
337
196
34
273
341
342
412
412
458
92
92
92
129
704
719
683
678
39
264
264
279
499
499
715
634
559
504
383
706
706
706
787
427
422
398
593
610
569
636
722
394
442
430
114
94
91
91
91
106
236
187
238
238
179
191
288
161
160
105
105
114
331
266
266
440
211
310
310
103
232
232
232
159
429
429
395
454
454
495
596
773
773
218
184
170
230
216
216
65
5
22
22
152
72
113
339
339
372
367
359
359
168
156
112
138
112
139
139
285
282
208
201
199
199
201
471
136
111
116
188
599
599
599
461
318
318
388
617
