0
624
379
379
177
177
177
465
568
507
508
491
216
358
502
502
502
588
182
92
313
184
184
254
390
636
551
551
551
547
566
475
560
639
639
454
564
572
518
278
736
750
464
458
429
375
222
108
174
109
647
674
674
674
674
680
443
443
443
443
553
49
49
49
485
535
535
83
83
83
229
761
761
761
700
700
726
571
571
446
446
495
446
446
446
305
321
319
314
403
347
358
358
429
519
531
558
568
634
584
634
485
485
480
541
541
564
564
576
471
705
705
758
542
542
201
201
373
439
181
181
566
589
589
408
408
408
591
300
300
300
212
152
118
118
118
120
517
304
487
447
512
512
512
722
417
348
302
347
347
657
501
501
343
401
566
605
784
784
784
784
784
712
713
715
131
582
621
621
598
179
133
640
528
470
407
739
535
751
751
760
760
731
702
444
447
510
10
10
10
10
7
61
62
62
7
148
62
62
62
