0
0
318
595
595
282
267
291
578
185
202
143
34
491
620
698
526
371
371
371
698
707
707
707
707
707
186
370
426
445
391
391
431
431
496
765
510
474
474
596
568
608
598
321
360
353
555
566
613
512
707
707
672
672
645
331
187
509
502
423
423
375
674
674
248
255
427
366
366
301
301
302
302
444
578
597
515
728
719
325
324
92
92
510
276
308
300
196
218
218
211
211
218
788
784
784
775
775
775
470
250
256
218
218
390
380
155
372
358
587
587
639
273
263
410
366
348
348
768
205
436
436
436
382
323
366
422
422
422
422
673
673
673
611
608
487
317
418
502
502
450
499
558
474
316
397
378
93
10
219
333
454
457
172
172
217
633
545
717
726
564
167
442
405
407
249
144
144
168
141
305
218
212
678
491
717
650
626
615
675
647
647
647
606
632
573
573
673
577
627
641
641
529
529
660
703
703
703
700
700
