0
0
0
0
214
214
0
223
107
107
161
161
139
126
97
12
12
12
12
272
272
175
507
514
507
507
12
9
500
286
267
267
409
409
409
404
405
405
405
139
120
120
91
96
5
150
150
63
159
175
157
311
3
3
43
76
76
153
153
76
76
76
76
76
70
319
70
3
348
270
86
789
789
789
139
631
310
124
103
345
302
302
658
222
313
313
289
223
453
510
541
48
50
185
379
470
357
363
394
494
480
482
440
433
184
444
377
679
376
342
342
342
326
340
407
380
380
659
659
403
757
757
608
608
622
459
447
238
323
452
469
88
453
580
580
490
520
351
351
280
76
72
484
257
257
266
508
477
477
446
446
446
446
446
495
418
441
509
509
364
496
546
246
718
718
128
128
151
162
158
147
147
147
103
93
93
450
450
450
99
217
386
388
394
394
284
284
47
47
47
61
228
228
612
570
612
442
256
256
483
