0
75
200
162
636
607
200
256
256
266
130
130
130
566
139
88
440
354
100
211
37
526
391
391
389
413
338
79
89
89
37
8
11
18
429
429
437
107
107
135
135
16
16
15
15
20
561
374
277
311
421
421
348
433
536
305
392
392
484
484
527
527
527
341
315
313
337
337
337
337
522
522
540
247
576
420
397
220
145
122
122
288
282
14
310
310
105
101
315
682
678
678
199
225
106
146
412
32
174
149
199
390
407
407
312
631
631
792
792
792
792
718
463
745
745
745
742
791
758
279
274
274
274
162
154
154
298
284
211
270
216
281
396
281
421
180
180
39
39
268
762
672
722
694
583
583
583
303
525
525
429
70
54
54
142
142
142
33
33
33
33
33
318
318
315
315
48
360
367
381
251
251
225
37
73
77
223
393
689
689
567
328
669
312
251
251
160
477
531
627
152
242
356
218
258
655
655
655
655
653
