0
373
508
508
477
593
609
613
278
485
483
484
484
753
762
762
408
408
408
305
593
705
424
424
623
85
260
256
494
508
776
775
795
337
440
390
390
795
105
105
147
147
147
112
271
236
322
322
322
322
322
322
322
761
761
761
761
671
515
86
106
133
144
617
617
617
630
457
449
371
317
436
448
293
176
222
222
222
211
36
18
154
129
129
129
171
373
123
90
303
303
303
422
241
77
2
2
2
201
496
408
408
484
406
406
304
378
378
378
543
698
418
418
766
751
751
504
444
444
277
274
422
421
449
544
649
649
218
34
34
34
34
49
39
39
197
197
421
206
246
151
200
125
88
88
472
333
248
244
192
462
637
528
463
619
619
618
618
618
403
549
481
120
202
208
208
188
188
188
188
628
628
591
591
629
597
597
597
621
288
378
178
163
178
745
448
157
552
593
596
710
281
406
419
534
472
305
278
305
359
