590
59
439
56
56
287
261
261
131
488
488
488
218
213
186
74
162
191
191
390
593
337
563
570
553
553
374
369
369
253
253
104
141
141
61
61
61
379
284
284
231
471
157
53
304
304
418
466
401
385
456
739
739
739
739
274
273
121
96
156
400
469
469
695
695
717
717
646
648
719
719
618
370
371
325
138
138
141
208
398
531
669
669
644
655
514
514
404
466
679
464
269
269
66
47
47
47
93
182
182
188
177
356
356
373
245
245
701
728
569
773
687
773
773
773
432
369
384
436
585
596
633
633
714
714
714
372
153
145
503
395
503
162
564
564
416
416
416
403
379
488
480
287
324
206
206
206
212
175
256
151
125
213
133
184
185
184
133
161
770
752
735
768
746
768
567
308
308
308
134
228
268
268
268
403
617
617
600
707
212
436
342
342
332
352
352
316
282
177
455
455
267
769
687
789
789
789
789
789
789
