0
0
153
153
134
89
75
227
156
171
240
240
238
433
433
193
191
191
191
24
57
65
105
299
190
72
72
72
72
72
33
593
581
571
319
211
211
231
397
347
727
727
681
610
532
617
409
409
409
409
450
450
449
259
233
158
428
199
132
132
240
623
253
299
248
715
713
713
713
701
76
278
278
262
347
590
649
471
726
712
720
583
524
524
588
588
689
689
444
535
391
447
434
308
411
506
506
510
554
532
225
5
131
268
434
434
599
628
628
711
612
217
44
74
395
395
369
220
220
190
362
509
579
687
623
592
505
451
451
498
226
101
70
70
533
515
156
547
547
551
508
508
508
521
690
191
593
512
407
397
651
449
282
136
136
661
661
661
666
559
559
559
385
220
320
138
138
138
95
95
87
86
599
610
627
317
469
401
565
327
223
533
130
130
273
273
249
345
397
449
449
607
645
645
377
362
373
373
373
655
