0
134
371
419
336
382
54
83
116
107
330
336
347
430
554
645
750
257
295
251
208
198
198
432
675
683
119
119
269
282
282
312
312
222
355
291
291
500
445
555
519
150
129
111
444
444
718
718
754
754
673
690
771
335
498
498
387
433
433
252
252
222
118
214
278
276
699
660
655
694
749
345
345
345
731
760
647
647
447
449
449
406
406
126
126
689
571
286
614
614
477
436
657
652
479
453
283
172
124
124
198
83
74
74
246
246
251
138
138
509
644
644
644
649
710
245
210
195
292
292
292
292
292
358
601
393
511
514
505
501
439
366
366
366
359
330
426
380
598
645
449
525
237
237
214
74
539
427
427
427
639
677
678
574
574
527
527
526
511
596
611
658
748
748
725
336
317
241
203
445
354
354
615
615
328
223
223
15
113
137
420
283
529
529
237
237
570
782
782
734
772
772
772
782
290
228
331
151
69
69
