225
100
190
326
345
245
145
139
311
259
99
99
102
164
237
293
273
273
109
207
268
425
367
502
502
502
437
288
231
338
392
384
139
131
162
462
462
498
458
414
548
692
692
729
528
436
436
392
346
361
271
148
148
26
2
80
80
221
279
279
210
176
176
182
229
309
8
101
101
8
8
527
458
458
655
655
663
788
788
788
685
636
614
571
321
321
345
116
160
160
160
166
376
202
202
443
448
354
285
239
232
232
799
717
717
612
168
168
168
168
168
365
328
333
179
586
378
407
391
179
155
142
315
541
800
800
795
614
614
784
784
712
279
262
712
415
752
498
210
239
412
677
800
675
198
156
202
42
42
42
42
222
207
114
260
247
275
275
445
424
438
84
312
566
661
661
620
566
572
567
81
153
153
294
316
347
299
80
63
39
304
295
295
289
64
118
118
161
25
25
223
24
24
24
24
24
116
89
309
309
