0
28
263
377
250
326
279
279
279
279
279
275
230
160
27
191
298
317
190
340
57
57
52
112
95
95
114
415
415
338
349
367
367
408
260
420
420
435
35
209
209
174
249
249
140
140
140
0
359
359
338
338
338
38
38
0
0
0
0
0
33
0
0
0
343
201
201
0
0
62
62
202
234
234
282
286
274
261
254
246
249
168
331
134
255
113
128
205
205
174
217
217
200
192
214
214
289
453
453
453
231
178
422
391
463
93
93
247
370
370
464
499
441
441
441
426
431
484
481
490
422
418
355
373
424
449
265
318
317
294
285
242
232
273
245
409
265
188
187
187
138
283
318
391
377
333
90
59
59
80
139
220
358
358
358
338
434
420
498
288
443
443
443
443
171
175
385
35
35
262
219
315
315
168
21
21
21
51
193
238
326
326
522
521
521
529
525
346
225
208
329
363
211
187
332
219
185
90
90
90
