75
75
75
292
292
120
455
491
491
353
277
161
411
411
182
348
420
503
321
96
17
312
438
460
460
484
559
757
762
762
686
431
431
450
516
429
425
614
714
659
709
785
720
779
674
674
674
790
790
476
347
347
347
398
460
364
186
359
359
75
7
232
179
108
33
44
368
578
631
338
338
34
34
305
407
341
625
625
692
630
636
578
505
505
491
491
427
205
248
408
408
694
650
63
356
500
585
17
225
17
46
390
344
386
433
431
338
338
382
327
396
360
360
544
544
435
317
324
324
441
673
549
505
523
590
556
561
301
268
30
30
30
30
21
21
21
21
342
352
409
774
743
743
720
416
345
712
559
93
93
84
84
39
50
50
325
118
12
262
12
12
86
84
7
47
190
330
400
400
341
354
271
57
125
125
125
75
306
325
394
418
513
519
361
515
515
553
734
656
692
365
758
685
697
425
318
372
566
566
590
