0
101
103
142
443
53
53
53
53
54
153
183
183
183
462
674
298
298
327
385
595
106
106
141
106
128
710
710
711
619
619
634
634
472
472
585
559
492
21
100
501
317
60
67
72
24
24
239
371
371
333
432
366
531
347
362
337
347
347
61
384
398
19
213
213
213
155
155
169
174
158
172
204
68
202
79
79
79
67
143
448
656
656
666
695
641
407
582
341
504
504
402
637
637
630
442
407
229
374
409
409
321
435
430
452
177
177
204
500
531
531
571
295
226
661
661
497
526
557
557
557
357
323
517
455
161
161
72
29
29
27
28
28
2
2
2
2
133
478
665
185
96
639
639
639
459
308
350
308
467
467
653
659
681
624
622
448
463
133
469
113
113
490
487
409
560
373
391
319
84
144
215
215
268
132
175
526
90
76
76
129
129
129
433
433
531
426
248
357
357
222
293
233
659
646
553
553
646
624
611
