56
56
257
257
302
309
309
309
553
411
151
473
361
373
159
549
185
265
650
650
601
586
613
677
312
347
347
123
335
213
795
611
611
580
772
520
63
63
63
455
455
334
441
441
441
441
258
258
53
694
744
448
380
744
563
424
355
419
419
421
134
134
322
94
94
694
736
325
312
736
736
780
780
757
757
656
562
48
146
304
478
478
413
449
437
417
259
261
83
260
235
237
368
310
241
245
31
27
27
27
28
150
581
580
759
759
709
755
755
696
696
198
242
242
605
416
382
362
689
338
486
520
214
246
119
119
119
154
358
358
323
336
336
462
462
462
462
241
238
656
164
210
210
206
121
33
158
158
158
148
395
395
305
395
545
672
697
521
657
657
710
710
503
675
676
711
711
501
578
578
164
181
472
504
523
554
457
554
627
639
639
799
799
670
670
681
506
681
482
253
602
608
535
597
597
597
353
469
342
326
