0
7
7
27
7
7
0
8
8
0
613
589
589
653
653
653
653
404
446
526
590
162
323
752
734
734
734
752
740
740
506
537
545
758
779
384
185
185
210
294
294
618
618
618
676
676
772
733
712
772
772
751
128
128
551
581
523
423
706
141
141
385
587
269
348
613
681
666
315
252
317
331
279
168
127
176
575
575
574
574
378
160
42
42
234
307
318
371
457
544
544
525
402
402
402
415
475
514
514
183
141
141
69
371
461
700
355
298
441
468
100
100
98
140
123
123
223
171
361
379
389
389
314
294
208
410
410
509
406
425
479
554
479
289
281
446
575
584
584
271
174
174
84
110
297
435
435
203
372
205
259
138
91
100
100
395
501
438
415
438
112
230
542
751
800
805
805
763
517
388
337
337
337
600
603
603
276
276
276
175
282
615
700
538
289
187
475
22
225
225
261
333
297
177
177
177
293
236
126
126
