0
0
0
0
0
512
433
0
383
314
372
748
570
572
572
423
476
353
353
353
590
603
631
603
670
690
322
322
384
339
339
335
234
163
578
499
360
353
651
570
699
390
332
178
191
166
137
234
283
574
572
572
572
572
572
524
409
413
380
420
665
432
344
541
541
541
541
272
280
280
325
326
326
749
749
481
140
267
572
562
475
475
475
554
645
504
471
483
483
482
405
448
448
388
448
353
350
522
683
389
359
359
245
245
43
197
197
361
361
554
455
405
504
728
717
717
335
335
303
312
312
187
174
340
683
386
386
435
528
723
671
671
723
550
811
811
335
413
310
292
461
268
510
510
450
364
371
80
76
202
491
463
738
738
472
472
534
559
723
485
674
683
683
473
493
492
540
540
569
739
739
701
677
685
692
619
663
764
764
745
682
682
697
781
633
633
533
229
229
245
245
245
391
200
200
254
289
235
514
514
