0
501
436
436
546
358
17
424
540
411
411
463
463
458
146
206
300
623
726
726
726
112
470
707
316
329
320
369
341
297
379
332
390
390
314
314
72
448
502
502
502
502
497
607
607
503
299
595
595
588
669
228
232
321
321
331
152
32
32
512
502
658
371
123
350
163
174
56
536
536
787
753
753
753
749
749
101
84
84
315
438
323
323
323
219
440
440
440
444
653
631
641
298
330
368
554
554
460
460
390
457
375
593
591
591
541
541
541
493
460
460
552
552
552
473
708
483
594
780
687
682
682
682
599
565
299
790
790
790
790
329
269
269
479
479
302
82
50
109
109
140
517
517
517
734
734
660
246
246
204
127
365
29
73
73
110
38
451
471
580
266
198
259
386
335
447
479
462
462
368
225
115
605
596
596
596
643
675
718
718
590
673
431
211
766
290
561
783
783
783
786
350
535
748
740
740
740
681
719
552
