177
602
296
296
298
298
490
448
448
590
333
340
419
215
209
178
131
84
309
629
709
734
685
734
771
758
701
714
714
726
655
222
664
502
606
377
618
545
545
545
147
651
704
704
704
704
321
376
415
251
252
139
443
443
139
139
139
533
533
316
533
108
108
518
536
599
556
89
89
89
437
437
402
437
437
415
414
415
415
486
403
362
349
349
380
43
14
12
544
382
247
623
216
221
282
404
673
740
767
658
662
490
451
287
269
378
425
481
454
454
475
475
265
268
151
151
59
59
18
390
543
361
706
723
563
704
499
499
356
549
549
701
675
176
278
198
302
302
235
387
233
233
284
124
154
119
119
100
100
392
392
326
308
308
146
63
41
71
3
84
84
254
361
181
215
215
41
318
0
324
314
355
349
246
124
60
60
241
275
482
558
330
412
428
523
215
215
215
217
93
93
142
142
220
220
233
233
399
671
671
