0
270
285
18
71
105
105
18
0
0
0
0
9
458
458
458
253
113
113
133
133
133
20
20
20
517
364
285
285
127
127
216
149
171
117
20
20
20
305
339
59
581
313
403
405
346
657
797
797
475
324
325
202
202
219
138
139
139
139
278
400
710
710
726
726
738
799
799
313
313
115
115
415
66
66
66
65
361
367
368
427
306
427
361
583
280
196
378
378
670
670
674
744
662
662
739
739
430
430
607
606
606
242
319
319
321
395
534
475
363
365
157
105
107
107
125
367
389
807
807
807
807
807
807
807
807
807
679
430
419
419
419
395
395
423
381
796
690
690
229
229
355
164
259
141
141
127
153
207
197
117
117
117
81
70
144
144
144
70
70
70
370
730
382
380
390
328
310
349
444
768
614
230
140
202
202
202
248
608
603
373
599
272
583
160
57
57
107
34
34
60
60
447
281
34
34
174
237
218
218
