0
0
39
555
482
482
523
13
283
283
239
582
277
409
588
399
217
300
233
554
568
568
568
552
586
721
418
84
84
165
175
673
695
695
291
291
475
475
660
644
515
515
515
781
781
780
749
609
609
614
612
540
359
431
189
418
64
111
111
57
57
171
171
171
541
302
294
292
264
637
637
597
597
597
578
578
578
540
512
76
76
114
709
709
494
494
62
376
226
62
415
441
430
430
306
310
228
42
42
42
2
23
226
226
160
104
104
129
59
176
98
160
160
587
493
125
125
107
107
162
158
118
267
157
281
518
518
113
116
128
129
129
95
18
42
42
42
502
502
502
587
769
753
753
753
730
649
649
766
766
766
791
745
153
244
184
302
527
319
161
107
123
107
331
294
399
340
273
543
533
598
598
616
130
541
726
746
746
590
408
399
299
415
415
415
407
435
327
485
485
485
349
374
505
462
555
490
553
637
470
