348
736
728
519
289
425
691
465
307
356
286
286
223
223
224
224
438
438
794
777
777
681
681
681
435
435
435
422
282
443
732
732
712
597
407
316
316
240
253
248
242
242
240
240
240
240
337
440
469
524
524
194
194
165
116
116
116
116
116
64
77
74
73
0
4
349
511
523
571
310
306
23
168
124
314
318
320
552
552
342
388
388
472
472
715
480
480
480
384
343
224
224
224
135
404
404
392
285
282
167
58
335
335
490
498
490
490
278
248
373
373
774
491
774
609
609
740
740
740
745
617
358
358
376
567
238
670
526
526
534
590
438
407
404
487
487
507
669
506
506
216
222
437
269
377
369
209
334
304
304
544
513
513
513
610
535
535
535
517
535
637
637
414
306
108
133
76
208
213
213
213
675
673
738
738
747
538
474
474
489
410
410
410
298
639
596
674
631
758
98
95
95
228
228
112
98
98
98
98
53
