0
0
290
326
312
312
188
188
188
133
134
336
336
375
375
375
498
384
384
392
256
256
281
281
328
137
53
66
53
32
169
346
424
205
479
480
201
207
150
121
264
350
350
233
168
104
292
292
320
505
505
441
208
193
217
346
410
241
241
222
222
160
359
359
191
191
191
216
246
140
50
50
124
124
18
18
191
219
104
268
18
18
15
15
15
15
147
158
158
209
209
90
126
59
134
46
46
105
87
96
106
61
2
115
115
115
453
464
464
464
464
464
464
464
447
248
265
454
412
499
360
341
342
407
359
433
320
323
309
214
394
426
481
507
301
430
430
450
364
124
124
73
73
388
404
441
112
93
93
93
93
121
126
126
126
126
480
480
480
277
302
220
423
404
387
422
483
324
324
259
483
483
354
483
321
354
447
389
399
451
434
434
457
457
346
368
368
369
411
411
43
43
122
122
122
122
316
397
412
255
