51
51
770
164
164
245
313
313
495
495
532
546
546
546
761
761
761
335
371
553
607
607
607
310
510
497
497
413
161
161
353
271
653
568
643
256
157
92
92
121
87
251
377
456
767
767
731
569
558
484
484
484
484
578
576
590
728
728
715
715
715
554
231
217
201
388
428
672
701
643
398
404
637
480
496
526
666
668
515
26
9
9
1
120
16
16
1
44
44
44
44
335
335
170
181
368
336
281
19
19
758
758
758
509
536
39
39
219
240
219
263
210
210
181
218
522
218
248
121
121
79
46
308
467
149
258
79
81
81
377
360
382
284
231
51
51
51
160
51
199
199
505
502
449
276
276
192
435
102
102
293
417
299
211
217
108
278
15
142
226
313
327
89
234
262
503
483
455
470
502
206
132
132
124
124
114
370
326
48
694
694
689
689
503
147
511
512
745
745
764
764
395
285
285
285
300
598
658
657
658
