0
76
133
0
0
0
246
246
478
246
246
402
433
550
550
603
452
452
452
452
727
727
727
757
761
601
695
695
245
233
105
148
139
139
139
139
139
155
146
123
537
430
409
685
403
428
428
120
120
120
120
712
544
530
404
404
404
404
404
235
558
659
711
476
711
672
724
748
749
749
808
808
808
665
808
808
808
701
701
709
808
808
790
514
205
228
184
161
113
113
118
225
237
175
496
496
496
380
362
404
344
344
344
398
515
470
406
402
554
370
370
399
449
536
381
343
343
343
363
399
182
182
166
640
707
682
711
716
690
716
635
661
661
696
726
346
387
666
209
740
740
413
413
656
141
141
141
59
59
327
327
83
365
365
379
355
82
94
94
371
410
410
608
524
163
151
151
114
315
315
814
634
634
600
600
600
634
506
403
403
403
374
300
693
740
740
740
246
666
666
653
615
337
337
312
313
302
235
235
158
