39
0
226
455
456
456
456
410
374
279
125
125
125
336
380
213
213
213
213
203
155
281
452
368
241
195
611
180
406
264
8
8
45
8
245
245
49
49
49
49
329
4
4
4
4
20
4
159
159
138
138
316
89
4
188
188
188
209
230
306
232
273
229
229
229
136
136
123
123
123
148
148
143
143
143
143
7
126
83
80
649
55
55
55
300
300
425
703
240
240
316
528
523
606
347
726
752
752
202
443
443
462
474
296
296
365
281
739
771
661
45
574
581
548
301
334
327
309
139
139
115
305
241
147
239
239
499
467
689
750
751
572
793
781
721
668
668
414
414
360
301
301
366
206
468
374
374
400
288
406
369
306
349
349
594
715
627
627
49
49
699
134
134
126
126
282
423
452
528
67
465
529
512
512
672
672
655
777
770
777
786
786
786
452
514
514
592
601
614
614
501
501
582
536
245
245
636
420
420
563
