55
382
382
589
14
14
14
5
5
185
319
160
566
455
680
645
501
485
377
302
646
409
302
417
424
424
464
479
142
411
375
278
36
226
339
344
689
689
689
689
688
697
550
698
500
290
487
487
130
144
528
559
459
536
559
496
496
444
575
588
588
575
696
96
19
210
476
476
477
497
497
674
444
792
792
782
782
792
792
689
708
792
522
513
386
386
386
386
338
269
440
440
428
770
770
653
441
525
525
525
628
740
531
800
674
674
674
800
588
353
291
291
267
255
481
481
500
169
181
181
438
586
557
592
587
663
445
414
89
89
117
129
111
111
505
505
694
704
716
733
687
225
225
112
324
119
357
357
560
622
148
156
191
87
52
805
713
713
622
714
467
453
467
534
637
637
424
426
285
211
460
460
460
436
539
539
727
737
744
359
204
193
188
186
186
186
186
200
253
472
370
572
589
189
190
190
327
593
568
422
