12
26
113
87
46
46
190
190
342
277
346
369
565
551
487
724
738
471
471
738
738
499
437
444
444
433
433
211
442
442
341
337
746
54
54
123
623
605
229
229
431
36
76
76
221
611
452
708
768
595
286
481
595
441
436
436
436
495
667
316
283
478
478
478
478
18
18
18
18
652
445
445
437
437
496
496
302
302
302
295
295
293
188
188
44
44
44
44
44
44
132
105
105
226
105
743
743
765
788
788
788
579
194
59
59
535
531
193
76
118
349
349
90
90
606
307
397
397
410
227
404
326
388
404
402
652
657
721
721
721
721
689
697
697
291
327
327
326
326
326
337
705
772
627
525
525
525
690
703
703
682
773
793
508
387
387
387
509
793
614
614
68
162
609
609
609
609
609
461
68
76
76
68
68
68
74
74
422
379
745
804
338
338
269
277
269
453
509
764
564
223
90
90
90
255
213
330
248
206
161
