0
14
72
190
472
696
758
766
721
723
723
136
160
160
160
149
302
501
529
193
322
316
59
130
108
131
131
399
450
8
430
415
371
424
75
145
185
185
185
310
196
196
161
562
400
400
86
48
209
213
282
202
198
198
201
263
55
48
224
224
105
105
105
105
105
380
425
604
140
140
381
381
503
664
664
664
641
562
778
778
557
452
415
455
635
645
589
590
544
542
807
807
807
324
346
346
318
318
550
550
409
510
606
307
297
635
645
660
752
716
716
673
791
345
749
814
438
407
558
250
656
704
491
455
668
499
174
174
174
174
174
451
88
88
88
301
599
653
653
611
611
627
142
94
155
155
155
149
559
559
530
416
174
384
428
226
226
226
244
259
356
350
211
211
257
257
125
126
37
249
37
59
129
75
330
369
480
602
544
565
579
781
560
558
365
651
736
736
207
207
207
207
219
610
620
528
527
114
114
205
