481
566
756
744
731
520
467
472
321
202
178
178
122
70
70
179
810
810
756
685
810
810
810
810
810
690
810
779
602
299
299
429
408
436
279
412
412
412
232
232
385
308
308
694
694
378
378
390
557
209
209
190
354
354
742
753
753
679
661
540
577
518
493
460
481
502
457
531
571
498
161
120
433
433
433
433
116
116
266
422
289
371
363
380
184
458
324
530
544
224
208
387
532
621
691
524
524
576
576
679
535
761
775
735
735
730
625
625
149
784
292
525
417
672
672
606
723
749
749
786
481
479
580
652
655
751
700
700
424
469
469
603
525
623
206
188
323
323
323
317
353
412
622
622
539
716
153
181
537
537
530
169
226
29
29
29
29
61
29
603
699
432
231
53
98
527
527
90
115
20
54
54
605
556
332
516
181
170
170
166
315
647
44
44
458
385
449
505
541
527
239
231
231
249
249
479
721
721
751
751
