8
8
255
499
500
500
518
383
506
592
592
592
775
652
653
775
395
330
375
439
439
105
98
98
98
293
402
444
221
235
756
755
755
657
153
153
153
605
300
401
502
384
594
594
556
556
389
389
545
684
736
400
540
222
197
607
607
493
493
586
586
586
565
565
206
206
341
341
422
787
787
549
404
495
451
536
536
469
469
469
444
138
490
491
280
237
76
43
43
37
72
107
44
44
44
44
135
395
395
395
792
792
603
602
614
562
452
535
811
811
811
641
514
455
357
378
378
378
449
501
493
465
587
685
568
568
594
594
357
144
276
410
322
419
275
624
624
624
696
772
799
799
770
770
770
770
436
782
227
328
328
524
440
443
371
288
267
261
386
263
321
403
502
551
350
309
181
181
210
277
218
314
615
615
615
615
615
820
697
600
723
558
558
558
454
439
328
146
459
384
619
580
580
782
782
822
822
490
504
23
