0
0
0
62
136
95
95
497
660
660
557
348
348
261
261
668
668
653
205
224
699
88
88
88
221
251
254
254
478
200
200
200
199
492
802
802
804
804
53
62
62
11
11
11
38
38
21
26
26
82
111
111
111
321
346
344
344
344
507
731
731
731
153
153
116
102
102
400
400
660
334
283
274
305
232
153
128
128
128
128
707
500
500
500
282
426
605
473
191
153
485
494
492
487
487
479
281
480
159
305
277
759
596
735
716
716
217
202
138
173
173
173
173
173
173
101
210
213
231
443
443
443
443
443
544
548
548
690
700
718
705
90
94
94
222
215
135
589
469
549
497
670
520
245
334
213
240
200
56
56
56
263
143
143
709
441
454
451
217
270
270
270
297
461
412
422
440
545
486
743
743
419
217
266
266
167
109
140
199
142
181
151
489
489
700
663
730
726
312
545
606
607
607
284
325
501
469
302
314
148
