69
487
487
429
439
439
370
152
187
291
452
114
88
88
88
435
542
614
614
614
667
466
311
311
150
150
223
136
123
70
401
498
426
310
0
191
157
139
298
187
397
169
0
0
0
0
0
396
396
321
290
286
70
103
131
163
118
183
183
183
183
178
189
189
335
335
100
307
558
567
289
447
447
336
475
593
521
487
179
167
199
478
533
533
533
555
262
252
181
306
301
301
267
267
267
754
754
117
568
568
568
673
474
468
289
173
173
175
262
209
208
346
521
501
717
642
642
663
618
609
609
609
653
247
247
42
49
49
132
267
529
583
729
733
733
739
739
389
365
368
441
368
368
460
718
647
647
671
671
644
313
614
342
301
272
301
301
241
146
105
105
121
660
526
526
531
531
522
528
254
285
257
246
604
608
347
411
800
800
406
552
328
211
195
517
533
527
527
527
670
670
625
688
710
710
801
553
651
281
585
