95
249
190
249
117
117
199
199
199
485
164
442
493
493
507
507
482
344
146
145
145
145
145
197
197
68
67
90
90
90
64
64
66
88
144
196
100
0
138
34
34
34
363
363
376
131
80
80
42
42
125
172
143
84
84
111
151
154
197
295
295
187
281
281
312
312
353
270
236
215
294
298
361
421
421
380
164
164
154
216
175
241
356
246
114
484
192
19
19
126
126
431
415
42
44
73
30
5
87
427
413
359
49
49
49
9
176
176
369
369
369
436
285
435
454
369
369
316
130
130
130
136
136
374
308
467
477
175
91
201
201
305
191
112
112
112
188
221
291
291
345
369
20
33
369
369
369
369
369
368
292
117
480
466
466
466
262
227
32
100
331
331
345
297
109
144
116
66
213
217
38
34
56
30
30
248
388
388
388
243
192
140
140
133
190
19
160
406
439
238
238
309
347
347
387
387
387
406
406
414
