0
41
51
51
51
51
51
51
10
10
68
299
52
40
365
40
20
20
20
20
20
20
0
0
269
158
204
406
691
538
237
185
185
308
308
308
308
394
397
242
477
504
184
405
403
182
311
427
483
483
355
530
580
588
588
662
513
322
399
442
551
629
604
459
742
742
742
742
106
250
241
404
269
240
240
672
537
537
785
785
766
621
611
614
640
538
518
445
749
749
769
371
202
438
438
633
633
633
267
117
117
117
117
517
518
180
199
200
372
290
156
327
418
410
287
287
294
825
547
547
588
534
521
661
647
622
574
574
680
506
365
360
128
128
428
358
358
793
532
532
671
404
404
528
142
142
142
425
315
443
389
410
372
372
338
437
630
625
640
651
681
249
74
27
27
158
158
21
21
28
27
94
209
209
674
674
656
656
617
706
745
317
299
745
745
715
311
584
599
347
222
247
241
236
456
697
492
697
697
438
