0
0
0
0
0
414
547
547
654
713
713
383
406
406
383
568
394
394
736
743
743
743
747
747
747
338
584
687
615
493
522
522
355
168
168
268
572
507
533
619
619
384
148
39
444
487
487
429
429
22
182
182
614
630
630
396
424
424
333
250
396
396
297
130
15
0
42
41
41
158
158
137
137
137
296
296
341
216
342
560
602
746
756
644
644
304
769
749
465
418
453
723
663
324
415
329
534
477
562
562
706
706
719
719
532
473
601
565
461
296
251
420
456
287
287
141
141
311
239
239
552
532
328
514
442
442
382
554
503
414
648
653
724
313
305
303
740
740
635
635
631
631
631
371
488
488
488
493
369
369
369
369
155
6
116
36
585
602
605
605
58
296
296
510
102
102
263
259
259
372
514
386
386
527
398
398
544
544
478
493
493
399
318
187
38
38
175
276
357
449
493
628
46
706
706
706
706
661
546
466
