0
3
366
61
309
309
309
412
510
485
444
465
116
288
442
448
412
686
452
599
556
455
189
439
354
324
621
348
435
435
341
191
241
332
408
376
594
169
228
192
356
344
321
271
391
554
554
575
577
504
504
367
369
620
723
723
809
824
824
444
444
444
444
442
191
386
386
425
245
808
824
696
696
824
720
722
722
564
564
104
104
65
65
65
61
444
209
221
221
655
763
763
569
708
708
708
708
706
736
736
736
745
745
719
284
284
320
441
441
357
565
522
482
328
328
338
331
339
447
437
69
428
216
216
172
199
186
79
79
82
79
695
646
703
566
496
604
450
334
508
582
582
769
668
414
223
212
258
258
258
257
411
503
495
587
587
569
569
154
206
272
272
164
446
37
30
30
27
27
249
163
116
27
270
270
18
94
18
18
18
477
317
218
218
218
218
218
615
619
206
214
246
216
424
424
639
639
639
702
702
