268
319
532
648
37
216
203
265
146
111
115
88
229
342
342
342
351
770
436
261
739
597
628
510
510
689
689
588
486
549
635
651
732
725
730
497
423
423
355
14
14
159
14
27
27
27
396
707
238
238
339
326
336
336
529
529
178
474
474
8
189
189
189
193
71
106
70
556
701
701
701
701
794
773
772
772
546
662
662
791
789
789
688
626
590
607
467
477
477
630
630
467
568
568
656
397
338
338
380
386
557
532
557
577
185
185
201
314
23
146
579
532
436
436
437
763
763
536
756
769
611
611
611
564
505
684
645
507
580
538
771
771
625
699
774
432
398
144
403
305
691
691
691
175
175
204
204
159
689
457
410
653
653
314
120
64
447
603
483
496
598
582
425
412
412
385
398
375
375
375
101
562
562
528
528
420
657
682
592
278
106
11
11
11
11
11
11
38
38
11
215
11
11
11
11
297
252
273
273
581
