0
0
0
0
0
0
0
192
193
193
496
596
596
731
731
735
736
543
431
798
546
568
750
592
517
526
388
400
467
290
297
297
179
179
151
151
151
169
694
662
649
605
822
456
587
748
748
680
680
667
537
492
485
406
568
567
578
578
580
580
580
419
283
122
508
331
165
190
190
256
256
219
341
337
264
264
264
26
22
399
399
399
197
197
197
375
374
600
733
553
553
553
219
352
343
158
254
378
545
545
607
607
63
63
118
285
323
194
194
194
196
229
229
194
188
447
419
357
339
275
136
136
225
225
225
225
110
182
442
72
14
14
14
14
17
374
374
202
20
20
25
310
498
540
158
498
412
412
447
480
623
486
516
638
607
692
370
216
230
487
487
487
487
301
301
622
622
471
441
168
70
69
72
266
609
609
455
434
381
448
474
510
412
530
700
700
240
586
632
632
632
632
632
408
401
585
773
630
762
645
