179
185
45
146
107
107
101
143
143
143
182
182
406
431
431
431
126
126
220
220
122
122
21
21
334
720
727
729
729
729
729
442
501
300
415
408
476
473
87
87
110
536
610
602
602
602
602
263
389
698
698
698
698
698
603
684
681
617
383
359
0
0
225
100
100
100
325
289
402
402
477
473
134
134
628
628
225
99
112
203
203
63
392
56
658
445
445
17
17
17
76
76
76
316
316
455
608
702
527
527
749
771
378
432
489
507
507
507
789
618
660
616
608
257
253
378
711
711
798
622
622
798
543
662
674
235
235
235
153
153
60
60
60
60
423
420
433
438
433
280
304
261
267
31
383
466
186
186
278
485
639
639
690
432
432
473
460
575
536
81
81
75
75
75
75
75
135
347
483
414
495
290
293
293
329
279
301
323
603
703
734
615
817
817
798
183
183
521
399
55
55
55
39
222
500
500
88
89
89
89
