78
78
78
139
139
200
204
204
343
423
428
116
793
793
793
793
642
642
406
406
406
406
388
388
545
271
793
245
245
79
45
45
616
616
616
630
630
613
703
619
619
476
742
677
463
375
610
672
617
660
644
640
763
484
484
484
476
507
532
651
475
475
500
376
787
787
557
627
787
819
819
740
740
729
729
734
524
813
822
787
787
266
238
303
787
238
238
225
225
100
100
266
276
430
712
712
430
712
712
712
712
821
755
821
821
572
572
691
649
743
666
677
677
700
700
591
602
674
708
708
347
131
454
376
344
305
305
434
433
433
216
171
167
648
791
806
806
705
705
488
488
488
661
672
550
550
470
284
279
720
720
665
665
557
286
286
414
14
14
231
445
445
481
388
233
233
540
738
640
738
735
735
309
85
85
43
43
550
550
550
645
647
606
607
23
23
23
59
188
182
191
702
652
635
488
652
476
703
595
608
