0
41
41
41
41
41
681
666
626
685
685
685
685
685
685
685
642
542
544
551
510
408
198
47
47
47
47
47
281
281
358
303
303
519
467
326
216
216
229
141
267
353
300
514
514
514
375
608
608
628
619
716
716
716
716
677
677
677
549
722
722
666
731
731
513
669
763
763
763
572
605
570
577
629
629
629
270
712
462
462
244
46
182
213
259
46
46
46
71
45
199
199
199
241
241
192
322
383
522
503
219
203
472
330
264
350
502
582
522
670
229
346
410
568
596
554
544
475
279
634
692
692
684
693
693
829
744
829
829
829
741
741
401
345
345
334
763
763
763
818
569
552
552
707
357
453
446
532
770
770
362
180
180
180
180
577
409
494
494
471
458
508
518
399
279
279
253
187
258
476
443
623
781
826
826
826
753
523
476
471
487
182
232
609
339
694
532
417
401
266
347
297
293
293
289
199
160
173
692
692
