0
686
686
537
707
707
707
666
694
694
96
109
96
55
236
249
68
778
778
778
778
527
374
374
299
778
622
611
555
555
222
222
222
284
336
419
381
365
788
788
360
360
696
654
654
654
396
157
281
281
408
408
542
542
516
187
487
61
71
71
382
438
371
382
371
371
371
371
371
371
106
102
107
318
606
803
803
803
803
759
796
791
690
797
797
812
383
574
584
433
824
451
451
469
470
589
611
510
510
192
192
464
662
730
684
76
73
147
73
275
418
567
209
174
455
730
612
612
612
612
594
640
640
644
658
421
421
421
380
380
298
201
92
347
347
431
465
465
465
521
533
601
821
821
821
833
337
337
337
337
337
223
223
223
213
213
608
786
827
827
643
670
671
671
677
746
794
418
376
358
782
666
538
748
411
413
326
258
556
556
242
214
29
29
126
126
120
464
416
84
162
23
106
168
577
662
473
609
544
603
