789
789
797
801
678
320
317
317
293
524
605
463
470
470
442
442
578
569
385
385
116
605
582
582
747
747
726
677
571
583
647
813
774
777
791
738
636
636
481
816
816
776
776
776
776
776
782
782
768
596
219
223
291
484
585
585
822
403
460
684
741
534
766
473
411
411
357
488
488
441
809
809
809
787
809
786
809
809
765
751
751
359
413
612
616
739
739
703
739
694
764
764
709
802
802
673
688
683
683
694
471
810
472
472
363
365
365
365
412
408
408
628
301
271
271
223
521
576
550
466
500
622
622
628
509
446
446
69
217
135
239
573
492
492
492
614
667
161
157
562
562
521
357
579
579
238
438
338
280
232
367
385
419
183
155
137
153
90
100
251
73
36
159
730
132
285
228
478
479
505
516
516
526
526
486
255
313
352
260
191
118
116
466
360
486
446
110
110
110
126
110
110
129
213
527
664
516
787
787
407
