0
70
90
60
49
420
252
252
357
370
355
355
252
186
174
174
174
174
130
133
133
133
133
133
130
161
161
407
407
55
55
55
52
96
96
411
411
411
462
336
318
318
366
408
330
395
397
175
175
219
210
210
210
32
32
32
32
40
127
133
40
408
422
422
396
396
268
278
400
400
234
151
173
130
130
269
307
307
231
130
153
149
245
245
405
503
503
503
484
503
467
503
503
351
351
351
351
351
177
191
191
213
127
68
129
250
213
213
310
286
250
282
283
430
413
254
254
272
299
308
154
155
136
195
117
117
107
107
63
234
234
234
113
256
170
344
341
341
341
349
349
282
281
290
290
291
261
195
400
417
432
381
381
422
346
196
371
276
261
254
242
278
249
249
309
286
286
286
428
428
428
428
143
271
284
175
177
406
409
229
348
274
523
523
523
401
219
219
218
464
464
356
390
390
385
396
329
329
501
501
