37
37
0
98
98
98
98
207
137
321
56
168
6
6
248
250
367
595
578
372
372
365
522
379
256
320
320
320
326
326
326
123
123
95
95
289
33
4
97
97
100
118
76
100
353
203
320
168
559
560
328
207
121
644
644
644
375
385
514
452
452
324
662
572
559
161
400
400
669
822
763
495
395
373
500
497
494
491
550
640
228
506
262
273
593
593
470
691
691
441
691
702
702
703
800
800
800
800
410
425
298
51
242
3
93
283
298
304
312
383
490
653
653
653
653
799
477
495
495
342
799
378
378
378
378
420
455
445
253
203
356
403
191
241
533
533
409
775
775
775
775
345
345
735
404
408
248
267
267
563
764
764
417
508
351
349
311
287
161
200
67
5
231
246
246
246
363
363
363
363
224
164
259
228
591
606
343
343
170
170
585
585
534
575
544
60
86
57
57
57
100
472
472
426
426
529
529
527
520
520
