0
136
113
113
92
0
0
0
0
0
0
2
2
0
0
614
614
614
621
513
524
641
749
749
749
749
480
269
269
535
540
560
486
559
47
47
210
664
622
384
156
147
212
444
445
557
496
496
567
567
486
486
452
520
617
409
326
704
820
820
820
818
575
269
597
555
602
311
348
334
269
270
270
193
193
193
148
148
650
521
292
502
484
355
621
688
726
726
663
702
388
736
736
736
399
268
765
442
529
101
542
610
580
561
583
602
507
74
74
115
115
75
75
160
19
24
24
33
104
114
64
64
382
343
343
398
398
616
592
618
232
439
635
682
347
668
696
678
706
706
525
378
197
263
109
74
450
386
545
545
428
395
637
637
724
405
405
405
405
333
519
519
721
811
616
610
92
275
296
92
92
183
183
29
29
312
23
0
0
0
325
772
772
744
744
744
640
752
474
474
434
434
384
392
442
440
442
429
338
249
