752
752
781
720
780
692
693
201
547
364
364
186
143
70
70
27
102
247
291
500
500
447
447
409
414
452
621
575
800
797
493
496
351
339
382
532
76
389
347
216
171
417
395
473
462
683
337
337
530
530
765
551
655
627
737
413
659
731
731
565
565
416
655
416
349
477
481
544
326
326
558
739
687
793
793
794
791
772
675
229
437
437
479
474
491
491
795
795
680
770
773
624
533
649
784
784
784
784
784
784
766
766
675
711
719
719
704
704
774
774
464
554
338
247
563
599
501
499
149
502
647
560
742
482
482
482
471
731
731
731
731
731
646
646
646
655
601
742
322
430
642
642
642
76
643
574
528
556
485
486
529
667
667
691
668
449
439
399
628
628
61
61
189
168
276
276
276
276
211
211
211
617
616
616
326
645
533
559
559
559
559
626
483
483
607
656
728
728
783
783
803
828
828
828
536
270
206
178
258
223
