48
176
223
223
595
668
658
360
9
403
403
403
403
406
406
230
639
639
345
528
528
639
446
194
76
9
42
42
42
46
37
37
46
46
22
22
22
22
22
22
262
262
22
22
22
22
22
62
22
31
31
753
181
653
568
569
338
502
395
407
406
258
137
115
131
131
630
497
497
606
706
484
509
408
428
428
442
569
448
520
536
537
719
724
721
723
120
143
166
166
141
61
38
17
768
670
551
389
193
128
128
67
67
67
67
102
559
559
471
219
728
728
728
728
628
692
726
726
435
434
434
409
363
791
608
243
243
744
540
699
738
742
742
742
742
413
314
359
359
438
716
730
730
817
743
140
404
442
416
377
201
492
492
492
485
396
396
396
485
489
23
23
344
344
344
351
511
511
511
413
413
413
271
629
436
148
148
132
229
639
27
187
27
12
376
677
677
286
299
349
349
604
567
567
418
412
283
421
563
583
