335
101
173
194
194
149
218
148
101
212
51
51
289
289
10
623
250
267
17
227
412
412
412
418
619
428
450
555
555
504
640
640
774
774
210
367
49
497
89
195
698
653
702
702
597
482
447
436
438
480
215
215
215
215
451
451
484
473
473
439
689
699
699
699
491
491
458
426
452
246
337
621
621
533
615
615
615
392
379
221
94
28
28
373
277
286
383
613
254
308
148
30
30
74
178
253
479
691
554
615
591
591
202
246
202
194
309
205
205
224
224
262
383
248
642
479
513
423
517
513
513
548
407
293
297
424
643
472
164
164
448
404
408
388
361
388
246
307
79
412
597
168
168
581
561
574
266
266
383
437
619
586
629
568
423
539
454
120
194
225
206
530
736
735
735
712
294
307
453
427
285
352
16
9
395
405
676
676
676
672
134
256
298
527
195
29
29
426
474
290
360
360
590
582
582
505
332
409
431
339
