202
40
24
24
24
24
24
407
316
687
663
605
550
550
682
401
432
354
354
635
616
616
639
759
817
808
491
560
569
596
400
400
645
645
693
198
198
260
413
326
111
349
349
349
349
377
377
377
377
354
351
312
312
312
308
314
259
259
260
264
380
240
240
240
16
22
482
482
690
690
785
785
785
785
657
270
264
528
179
421
434
419
419
419
419
419
419
419
539
524
484
484
592
651
634
495
390
412
27
27
27
27
27
206
27
505
447
321
164
90
323
486
188
257
255
251
737
737
301
322
607
607
531
585
609
589
445
445
589
440
438
368
516
349
503
493
484
172
647
814
350
240
240
681
547
543
376
576
681
681
681
395
395
322
394
410
515
515
308
358
257
531
681
662
553
577
577
456
153
153
145
71
129
191
191
191
328
679
300
290
335
366
366
366
316
770
793
422
422
491
475
289
571
571
577
77
158
176
176
39
