0
4
130
535
535
216
216
13
199
186
186
497
15
392
365
441
441
441
470
470
712
781
695
612
643
423
770
770
770
770
753
726
299
322
322
322
461
519
496
366
366
337
222
528
528
551
523
523
559
489
489
396
701
774
798
294
233
220
220
220
220
266
242
323
580
562
498
477
713
713
679
613
613
827
827
411
81
81
586
519
125
572
614
488
582
129
139
139
131
126
294
482
479
196
155
298
240
519
302
302
413
124
343
156
58
513
513
726
705
705
721
603
432
218
473
507
580
476
509
223
268
279
335
335
275
464
420
346
367
432
432
454
306
306
380
324
622
615
758
251
380
643
714
802
802
756
527
527
419
408
408
408
481
408
402
666
666
666
666
762
648
321
800
200
200
192
220
390
390
380
818
731
500
420
449
395
386
386
414
414
356
476
246
32
32
32
40
50
50
32
52
60
136
57
57
42
176
176
194
52
