0
0
0
0
0
368
551
70
540
562
562
350
381
121
140
127
112
112
112
467
673
527
255
408
544
639
551
551
563
365
365
365
272
628
585
678
468
459
433
616
467
411
597
576
576
576
679
648
678
678
715
803
689
702
702
816
816
581
199
202
202
374
261
261
278
415
385
374
217
148
651
841
842
502
502
483
483
263
277
175
119
206
206
238
257
253
588
760
760
760
760
805
836
766
513
766
562
562
562
482
536
302
601
601
694
382
584
354
313
255
262
365
247
367
351
152
153
223
223
303
171
113
384
633
586
494
566
546
546
283
283
283
140
129
89
13
452
452
309
354
443
233
238
271
442
357
507
618
618
761
694
478
545
136
230
231
231
231
182
319
319
237
424
424
660
163
506
480
757
273
64
10
4
291
291
505
505
729
666
687
251
264
252
252
282
4
120
246
491
484
484
551
498
297
294
490
433
307
167
61
