0
349
356
67
67
67
48
7
378
406
559
581
531
551
581
757
817
817
497
723
583
566
814
814
630
695
709
659
621
630
630
633
710
545
545
545
594
603
603
603
167
280
210
638
638
638
515
281
78
254
357
405
566
624
531
531
299
299
249
243
243
232
300
300
245
476
332
250
108
505
477
604
674
674
674
674
641
641
153
7
21
7
385
585
601
278
278
374
728
657
657
528
409
409
409
473
621
762
811
575
415
473
490
575
575
301
148
29
29
584
584
419
651
27
27
581
581
413
730
348
378
595
595
603
614
647
500
328
283
287
138
484
416
416
519
241
135
283
306
306
260
238
63
63
12
12
18
18
44
44
94
94
94
186
264
180
243
562
686
799
662
799
799
448
448
170
170
172
151
96
200
200
200
144
306
487
515
515
515
554
546
553
835
835
669
630
545
746
746
792
667
724
724
659
738
835
839
839
840
840
