0
51
281
85
159
115
148
476
382
370
402
665
549
556
672
421
157
58
68
65
206
558
366
366
330
330
398
415
456
456
467
253
299
277
282
659
131
131
787
607
607
622
622
678
675
768
768
768
229
201
240
422
181
226
226
412
447
694
712
677
391
154
69
76
76
76
57
46
46
46
46
46
842
842
842
842
600
576
216
216
257
172
131
447
570
685
267
155
137
100
451
491
711
711
672
654
474
647
679
633
757
757
757
796
796
796
814
611
442
442
421
181
201
424
565
543
214
214
161
284
517
521
480
348
359
359
348
360
348
473
584
767
767
767
789
832
832
835
492
492
335
520
206
206
206
564
118
92
111
412
97
97
125
125
320
309
527
527
484
596
596
668
668
668
709
152
713
169
169
88
88
319
319
328
793
562
409
381
381
381
381
381
212
615
100
350
221
682
682
682
295
292
639
763
753
832
685
826
826
826
