0
0
0
182
182
435
435
458
216
411
411
273
273
276
273
273
273
273
273
273
256
349
306
306
419
353
350
460
461
239
229
229
197
105
101
265
370
252
248
248
102
102
102
275
81
80
226
226
236
235
489
489
274
214
169
169
169
155
167
304
304
304
304
304
439
226
397
327
427
341
177
177
112
420
420
312
460
460
460
449
420
404
404
358
358
441
32
32
7
8
8
92
92
108
24
24
24
306
267
288
288
203
426
436
316
320
398
393
466
466
466
466
466
466
466
466
353
303
207
230
284
60
115
85
192
203
484
392
277
368
394
461
461
473
473
412
412
406
406
467
414
167
212
112
112
112
112
61
164
284
363
115
96
85
354
354
354
159
159
104
176
199
317
404
416
331
319
319
359
359
359
354
426
457
11
11
138
158
79
79
328
289
79
59
144
144
139
215
215
11
11
127
36
36
36
36
11
168
304
265
