0
111
111
661
656
643
562
267
642
670
434
203
203
706
706
706
706
706
706
706
706
706
642
686
578
686
686
484
484
409
433
433
308
409
448
443
6
98
163
168
144
334
448
397
646
124
124
350
590
597
597
731
548
224
224
240
164
300
734
734
770
770
770
307
307
278
278
278
278
278
776
780
780
780
780
780
780
775
598
401
401
576
586
544
301
262
95
104
264
199
440
377
245
245
352
352
352
352
227
216
226
461
156
223
223
223
223
223
360
407
469
469
407
540
559
468
282
290
290
290
182
164
164
215
215
569
685
693
716
746
746
516
516
516
530
234
212
212
213
356
309
118
551
551
483
483
286
186
186
186
152
156
172
398
432
649
640
487
607
580
559
0
0
436
122
122
21
69
68
102
61
61
271
237
237
203
203
375
178
178
178
212
97
97
801
801
801
801
801
801
801
725
647
340
340
319
283
25
202
681
