0
0
419
553
551
562
519
519
463
383
694
729
729
434
166
166
313
313
658
723
716
524
133
448
741
741
763
763
773
401
574
586
208
233
233
233
233
93
290
243
283
268
473
551
613
274
23
23
23
72
72
290
664
664
628
628
156
156
156
135
135
135
135
158
107
117
312
88
88
72
72
72
672
672
715
696
696
696
696
43
98
107
107
20
38
148
130
130
481
88
492
775
548
517
268
218
542
542
542
426
385
380
70
70
324
436
386
288
295
8
8
8
601
620
620
314
252
252
282
203
384
387
462
70
134
274
395
396
736
578
578
664
654
168
10
72
167
173
179
139
139
165
641
641
381
378
314
314
635
552
217
293
321
404
404
661
661
665
845
391
192
192
148
797
744
793
793
797
695
418
361
361
309
389
684
698
713
391
839
839
839
839
755
122
290
63
63
804
476
430
727
447
436
198
198
194
586
718
718
681
