0
0
478
478
478
718
718
527
527
542
469
354
242
251
277
742
367
367
367
367
643
609
609
685
415
415
354
753
364
364
279
710
448
448
327
464
464
511
157
511
662
445
473
346
465
627
204
204
246
413
328
328
455
477
476
259
241
369
683
683
462
462
226
271
108
100
0
0
0
21
21
61
91
91
331
463
527
681
496
659
659
659
681
681
419
730
730
751
724
720
452
385
141
141
141
141
141
260
141
253
102
207
525
570
685
685
492
243
244
191
63
63
23
186
489
304
453
290
443
443
443
513
518
209
209
243
376
348
599
452
368
375
184
140
140
245
325
366
384
419
399
619
619
619
619
629
482
41
41
139
598
598
652
653
673
569
657
680
680
757
760
760
628
628
628
626
662
644
644
511
592
653
402
671
588
58
0
0
0
576
729
696
304
375
701
701
701
701
733
733
733
733
733
576
716
716
703
306
306
306
