0
0
0
581
590
384
384
545
174
259
304
306
388
716
575
403
420
568
591
591
358
386
386
386
498
325
577
577
450
365
419
36
36
102
520
454
454
157
7
7
99
106
374
94
160
160
354
437
777
796
559
569
558
163
162
273
355
303
372
301
613
704
366
346
346
346
345
448
28
353
643
478
478
771
771
771
771
750
750
760
655
774
392
436
436
443
468
468
845
845
768
778
846
846
609
292
351
190
287
172
397
518
517
510
335
352
361
369
403
454
422
273
104
104
397
221
522
456
776
793
665
665
787
639
544
374
336
336
589
578
578
819
784
784
636
819
641
641
641
832
835
835
813
813
736
621
582
777
813
806
806
806
724
751
751
552
115
157
478
479
575
543
762
786
139
121
5
5
5
188
188
323
323
75
71
71
71
71
666
729
729
618
195
190
183
195
248
248
248
407
784
217
247
457
225
108
407
154
154
154
