335
222
429
394
222
155
42
0
0
120
120
19
19
19
19
19
393
648
621
617
617
617
621
565
657
740
740
740
723
713
688
553
598
703
474
455
742
742
468
468
734
734
734
486
683
373
240
240
291
298
795
795
795
840
839
839
840
840
840
659
506
564
568
568
506
312
602
570
551
572
689
689
438
438
438
438
689
719
388
368
365
540
462
383
474
249
446
507
485
449
449
419
204
197
7
163
163
163
521
728
736
736
736
144
144
144
21
7
102
137
137
137
151
534
438
201
69
69
69
69
69
7
7
7
351
274
274
274
451
420
466
466
525
521
617
659
229
229
290
229
321
321
393
327
164
66
140
140
431
258
334
366
36
36
138
138
688
688
688
287
579
579
818
818
818
818
511
512
618
479
571
560
219
219
219
219
197
97
97
738
738
730
504
730
711
705
705
705
705
705
715
296
186
433
513
513
671
671
718
745
