176
205
55
0
62
53
115
159
464
445
478
543
382
382
72
1
1
210
624
624
648
648
648
648
624
91
91
321
321
422
527
664
664
688
527
502
579
648
648
715
138
117
117
117
399
399
679
679
617
679
416
435
544
373
294
527
527
601
839
452
452
778
778
778
793
465
559
430
469
621
750
545
73
191
191
470
627
739
736
736
736
139
270
206
102
102
102
276
439
225
219
60
509
528
582
192
213
158
137
153
153
137
77
78
360
360
564
462
462
618
786
787
819
287
305
94
94
94
141
141
141
837
570
411
256
282
672
662
658
264
165
159
265
311
215
215
227
268
416
416
417
435
435
312
432
432
619
237
237
23
265
569
569
544
578
559
467
478
211
503
373
187
549
549
128
166
166
89
309
313
313
536
792
792
792
792
792
792
614
773
773
633
633
640
640
621
774
793
793
801
508
216
216
216
389
501
360
310
543
102
