0
0
105
105
0
232
232
232
342
342
328
706
400
82
82
334
432
305
460
460
426
556
551
689
689
689
666
540
540
610
666
666
666
666
666
666
588
588
588
588
588
664
623
623
491
435
144
169
204
204
335
329
227
227
274
54
54
54
76
94
109
94
354
537
254
52
52
52
52
214
214
238
688
374
374
374
397
400
297
313
97
187
709
543
549
531
415
567
567
363
363
50
2
53
27
479
479
479
537
538
596
50
50
50
50
470
583
569
209
209
476
474
476
436
338
378
384
363
361
156
35
550
552
552
378
103
102
151
416
209
209
353
274
274
265
279
489
632
401
401
499
499
73
73
111
111
179
233
568
576
464
371
371
371
493
541
41
41
742
742
403
403
304
255
255
234
263
249
249
707
688
632
632
447
81
81
81
8
8
8
8
31
20
20
92
107
107
150
240
143
335
427
382
395
395
482
417
445
481
379
