0
0
0
55
85
85
379
545
643
728
728
815
708
708
716
718
253
387
178
178
178
139
440
775
775
734
734
677
718
782
782
839
839
839
852
729
778
514
618
852
852
852
739
640
553
739
740
716
716
737
728
570
545
418
810
385
516
435
499
394
394
366
301
666
757
757
757
757
804
337
516
428
619
804
685
685
780
558
174
540
384
259
242
263
149
99
123
304
495
460
655
655
550
550
664
631
780
780
502
520
753
655
589
513
519
236
236
236
76
88
76
183
320
333
333
7
351
316
771
131
64
129
98
225
433
499
499
461
461
405
129
116
27
27
16
16
291
353
183
183
272
272
448
529
670
526
503
508
643
518
576
428
674
600
479
722
380
264
308
255
253
253
201
484
114
19
47
47
47
76
332
332
332
332
469
470
728
728
728
728
728
293
285
367
369
369
369
369
287
287
372
283
283
296
211
262
804
804
804
66
