0
623
48
302
270
242
113
171
216
228
162
177
446
387
301
301
187
612
309
82
82
423
328
314
493
114
114
222
222
32
32
32
40
40
40
40
40
692
701
757
777
761
623
654
487
334
334
331
286
242
391
544
334
359
224
565
275
747
651
596
682
549
551
551
498
734
626
626
646
735
735
591
480
249
268
255
309
349
350
287
727
320
320
273
273
183
178
254
178
152
287
328
148
148
179
124
124
403
411
372
384
384
586
209
209
258
258
258
258
333
238
177
123
61
61
41
255
41
40
40
40
701
701
191
209
143
143
143
125
125
217
323
385
729
550
550
550
550
550
550
559
533
549
764
201
665
690
543
543
360
434
2
2
737
737
737
737
737
737
236
229
552
515
377
690
772
772
209
271
465
465
486
486
486
292
2
2
2
2
351
412
433
63
63
27
27
512
512
512
512
512
514
433
421
421
421
421
429
387
255
