162
222
78
100
100
78
309
251
92
274
231
376
194
446
70
148
26
26
26
394
394
394
394
394
394
228
468
468
496
652
530
648
189
590
590
619
619
494
494
252
67
317
530
387
418
426
427
450
374
606
537
288
288
327
327
327
325
325
325
286
337
415
383
367
367
414
288
810
810
810
810
487
472
653
712
641
742
743
825
844
844
844
398
307
390
390
207
207
51
412
412
412
632
632
632
632
400
384
104
204
104
104
105
104
104
231
375
104
104
300
104
104
104
315
104
224
224
389
386
383
369
254
98
98
98
130
634
832
253
186
363
597
385
287
664
453
662
765
765
765
789
832
519
522
271
271
593
473
516
512
585
540
330
116
143
232
232
232
232
232
367
261
166
456
456
479
632
761
417
419
690
690
616
638
369
489
418
418
249
242
306
572
292
134
105
416
105
592
549
547
536
536
516
354
264
288
402
244
232
246
