0
6
6
6
6
296
296
202
68
35
84
296
120
348
328
130
311
210
400
400
369
325
378
309
292
306
350
350
350
413
413
421
421
421
425
423
423
414
414
414
450
357
338
338
37
37
4
131
14
170
204
165
1
1
1
1
12
123
12
316
146
146
157
141
195
229
240
185
183
23
162
199
328
136
136
239
239
272
293
224
217
317
5
5
5
9
9
9
131
336
379
379
379
481
481
479
475
475
505
403
487
479
479
497
497
394
520
520
520
455
434
434
219
226
244
238
444
444
164
164
164
344
396
396
21
21
21
21
21
145
92
189
167
325
377
324
324
324
421
357
301
301
134
61
189
67
203
203
316
316
316
425
85
14
133
122
65
65
160
172
175
175
269
224
224
339
518
492
492
492
492
492
438
358
358
201
180
180
153
257
315
315
318
363
379
413
476
315
465
473
473
486
514
514
312
90
36
36
50
50
