0
0
102
219
226
257
257
304
606
600
349
252
0
0
22
196
196
196
160
80
279
279
266
543
584
11
346
346
577
404
404
668
668
636
625
562
678
582
582
582
461
512
72
72
72
86
86
86
604
604
650
702
702
231
466
474
268
229
335
335
89
91
91
91
110
370
88
386
449
545
707
707
635
255
302
302
415
415
415
384
393
220
556
556
259
314
466
637
385
385
65
65
159
193
359
359
404
288
111
525
525
525
525
63
60
60
32
245
247
254
250
372
104
735
735
716
447
447
337
314
63
246
246
255
374
793
793
793
793
793
793
321
90
90
90
442
235
235
290
293
458
461
693
717
717
708
706
706
685
696
581
581
773
719
752
621
756
542
235
323
352
351
65
53
53
355
290
228
477
567
472
451
448
416
287
290
290
447
447
140
173
173
192
122
122
122
122
740
556
624
425
745
626
156
281
667
407
377
377
186
