0
492
492
531
546
546
531
405
106
106
186
224
224
224
590
590
672
417
400
175
175
389
352
113
682
712
745
745
708
381
525
558
615
487
848
848
848
589
848
848
716
716
729
729
848
686
526
664
664
664
676
708
597
489
848
848
848
229
402
402
402
231
149
149
141
141
141
97
104
309
264
418
441
627
139
139
139
441
441
711
711
272
25
25
347
25
38
114
59
59
48
121
216
224
224
484
475
758
767
604
604
604
572
450
450
395
698
746
374
463
204
149
115
115
326
679
679
679
681
681
681
681
328
535
681
785
819
819
267
267
221
407
410
241
238
385
385
384
433
197
223
447
285
265
231
335
416
812
812
812
443
495
587
633
738
332
228
161
548
818
818
818
823
433
433
398
367
297
297
610
610
806
806
806
806
797
806
806
774
805
837
837
606
606
625
625
837
837
700
485
497
479
524
296
296
426
822
598
494
108
