14
0
395
640
659
741
798
450
493
660
583
583
604
454
604
726
427
378
241
155
133
133
169
47
175
323
279
599
438
624
509
512
408
87
118
675
510
93
11
695
689
618
618
621
674
674
674
680
495
546
669
781
475
475
479
479
257
257
257
451
222
289
265
265
265
265
281
281
281
394
332
357
357
714
699
699
699
714
714
714
714
714
714
214
309
345
514
547
241
241
225
510
236
236
222
222
222
156
156
475
287
124
124
49
616
102
274
273
273
273
273
232
287
287
287
84
170
415
713
807
822
822
484
605
489
230
275
404
330
580
315
315
424
315
315
315
340
335
335
631
841
843
843
843
626
485
272
189
618
618
498
475
160
160
223
237
177
88
660
660
473
449
349
349
373
373
519
520
179
231
279
279
364
424
431
431
431
493
493
493
442
115
115
115
164
522
512
555
596
596
596
57
140
366
497
819
442
479
430
289
