0
4
4
119
119
119
56
56
205
273
104
113
692
713
727
727
727
262
262
262
262
657
438
551
548
539
523
506
506
318
564
185
118
118
133
133
67
226
398
497
470
298
298
278
798
798
160
480
677
190
241
190
58
58
58
284
56
57
52
207
607
607
207
648
648
711
711
696
166
413
166
707
707
698
690
608
485
485
587
653
729
729
750
653
653
653
653
653
653
649
513
564
568
326
478
420
670
681
398
456
434
446
446
438
585
278
291
121
113
85
607
462
455
558
369
63
61
61
210
61
61
721
721
721
495
705
594
598
597
608
643
849
844
792
595
627
627
589
736
450
642
587
587
701
701
701
553
752
769
685
768
744
242
242
575
563
518
453
516
516
43
63
93
518
408
518
626
617
617
619
650
598
560
523
182
182
184
462
462
462
337
495
625
526
560
705
457
251
396
344
235
98
220
220
311
311
632
612
798
798
