0
632
632
403
666
634
662
490
490
598
98
0
0
0
60
616
267
269
672
631
541
541
349
439
439
396
463
463
348
665
51
122
149
99
112
144
131
105
51
51
86
689
529
444
394
394
352
396
281
301
413
333
256
245
381
762
597
597
592
602
602
746
780
597
647
662
765
438
166
159
119
185
276
245
260
300
300
493
549
396
402
199
199
211
291
266
291
291
147
241
229
76
57
267
296
289
343
343
343
324
386
235
206
369
323
212
210
251
446
509
331
184
184
616
707
696
697
697
754
613
533
810
810
810
810
558
537
537
172
118
121
121
121
169
506
518
563
462
462
739
739
739
202
252
272
119
161
122
122
122
118
306
771
348
400
213
685
750
770
589
347
347
347
229
567
537
246
254
183
46
46
2
483
400
385
404
404
456
437
393
102
76
76
356
358
78
445
446
557
580
412
412
467
467
467
480
529
529
529
487
