0
0
11
11
110
395
558
558
558
537
602
602
450
450
442
451
611
611
175
350
350
350
350
175
175
175
656
631
725
725
70
517
496
144
197
239
595
658
703
693
205
205
205
430
430
536
583
590
532
553
154
147
360
238
346
446
392
377
370
370
424
536
497
452
529
529
539
726
557
512
771
799
782
52
630
630
470
470
610
495
496
500
523
524
444
479
416
612
584
479
541
619
676
676
543
427
381
419
403
627
633
578
749
514
428
54
54
54
43
231
39
571
312
518
190
234
346
390
618
171
254
303
220
59
550
570
485
236
420
360
298
471
227
227
15
448
370
114
663
586
586
554
656
656
569
569
563
516
411
271
150
150
585
443
508
401
104
104
405
115
514
464
181
202
69
449
439
437
853
404
494
494
580
540
818
817
541
541
540
233
233
464
464
464
464
389
462
462
722
626
340
257
222
216
124
124
191
191
124
124
