0
0
167
172
172
11
0
4
4
184
184
253
421
417
442
442
355
237
237
97
196
204
234
148
161
335
54
69
650
650
523
740
263
263
578
514
514
554
272
244
255
230
196
146
250
224
209
619
592
592
251
377
377
340
340
454
468
521
761
779
573
264
147
141
402
300
812
663
663
663
663
676
295
295
226
226
499
561
714
586
390
596
186
122
122
395
461
514
361
454
554
720
749
750
754
841
841
731
399
117
45
407
364
175
148
148
102
102
83
83
210
251
560
732
751
831
830
586
589
663
788
789
789
683
683
683
508
614
461
255
191
191
191
132
132
500
500
500
381
718
718
718
678
675
675
675
491
384
369
521
110
167
168
211
721
593
593
233
228
228
516
155
102
102
144
144
439
461
454
513
587
702
530
584
719
746
782
782
777
540
801
801
802
807
807
807
856
828
813
813
813
841
713
713
660
614
614
693
12
12
