0
156
114
114
220
220
220
235
515
515
515
347
171
171
413
413
269
676
578
780
780
780
770
783
783
778
458
311
313
313
562
684
218
141
148
141
189
202
252
253
417
500
451
423
438
591
592
673
702
853
853
853
838
838
838
846
260
159
327
365
236
236
236
236
236
151
147
87
87
87
93
633
633
633
339
150
137
137
457
457
407
407
428
555
394
402
372
460
648
648
797
816
822
822
533
335
620
570
570
289
321
321
411
411
411
386
386
528
455
497
669
575
575
185
185
185
420
185
670
569
562
569
569
569
588
672
565
534
621
308
667
844
349
224
573
337
516
306
630
630
494
180
180
180
108
108
338
324
317
233
75
27
53
27
350
361
38
34
250
457
784
585
550
534
371
371
504
686
660
857
759
857
860
860
860
860
755
712
315
305
312
340
602
472
295
474
454
313
486
541
541
474
622
622
268
211
203
285
115
386
