0
380
480
480
488
488
818
602
569
487
828
474
474
474
160
268
160
160
757
757
680
581
450
423
206
148
397
365
35
786
700
759
833
816
816
816
816
845
420
327
259
322
151
822
822
176
183
183
176
176
176
278
278
584
834
457
606
663
360
377
377
485
641
743
707
391
391
435
430
324
287
287
287
287
287
288
306
293
293
424
491
293
569
569
569
708
644
625
366
286
312
290
480
396
433
309
373
718
500
500
491
584
302
302
41
47
524
524
501
501
501
501
464
443
72
7
178
408
164
190
164
164
164
235
56
120
169
249
239
175
95
95
558
455
738
738
321
605
717
190
297
620
434
363
240
240
561
191
188
257
269
610
610
690
612
265
801
801
790
790
839
563
254
254
254
110
162
162
162
449
534
151
269
214
12
0
0
787
468
617
546
546
546
522
447
463
463
447
493
465
465
479
479
555
716
725
837
837
837
837
