0
218
0
650
744
744
730
780
778
761
761
761
646
646
646
646
647
779
779
241
507
582
694
513
557
557
557
580
752
459
441
814
814
655
784
658
338
336
501
821
666
666
604
604
604
407
407
433
766
766
766
814
850
741
741
805
562
562
375
375
683
766
805
765
575
736
847
844
564
528
560
322
228
228
815
308
308
170
154
154
158
122
122
122
234
544
628
353
428
428
428
341
341
331
305
258
242
258
258
251
241
419
765
779
739
758
814
597
864
864
778
778
566
566
566
566
566
566
595
595
538
539
213
307
307
111
111
165
375
375
375
226
226
226
247
237
135
188
188
134
278
43
60
60
60
72
72
72
72
72
483
483
689
779
699
742
550
812
812
812
848
832
821
832
663
707
710
679
115
694
694
429
456
439
471
469
469
539
404
404
713
203
177
287
287
405
755
434
328
562
674
760
808
791
810
617
617
810
810
810
