28
231
270
270
270
270
467
242
168
467
361
345
165
165
278
262
240
405
157
153
310
33
33
33
315
375
65
65
76
44
48
48
156
247
252
252
328
315
40
24
24
158
158
158
167
167
83
275
357
358
331
309
365
217
217
146
146
244
134
144
61
137
131
141
141
312
123
163
163
272
233
340
295
296
189
234
130
136
218
256
253
115
276
278
271
271
271
112
112
189
350
159
278
331
331
334
134
327
367
342
342
381
381
381
251
277
325
235
59
59
321
349
349
349
189
272
174
88
102
159
159
255
276
398
323
221
221
308
308
213
92
49
152
130
190
298
298
395
371
371
312
127
127
142
142
275
281
281
280
280
416
416
416
394
416
134
242
313
67
68
68
60
60
32
98
110
27
279
320
358
331
331
112
301
112
112
155
387
387
340
337
356
403
403
375
375
372
372
372
357
339
315
302
353
253
348
393
393
346
284
