245
95
102
679
679
498
237
37
51
37
37
80
217
43
43
43
43
225
225
335
552
552
714
714
714
811
811
836
821
821
786
747
621
621
575
223
223
223
215
235
235
420
351
355
355
404
404
404
416
435
349
238
397
367
590
590
423
260
280
163
163
163
163
163
323
241
82
243
559
559
335
559
721
261
261
236
221
445
802
800
800
800
721
521
543
220
726
606
606
448
428
490
451
584
617
615
615
270
301
6
54
56
123
784
784
239
234
234
286
609
568
568
568
554
631
635
403
691
307
403
399
399
447
755
755
798
778
309
830
599
589
790
790
790
787
272
267
268
158
158
615
615
620
620
540
547
547
547
655
465
677
677
69
57
555
555
598
756
860
783
666
666
632
632
410
283
138
206
206
141
141
368
393
750
823
856
525
525
576
116
116
83
83
302
362
422
254
188
43
43
62
48
43
43
394
519
447
425
425
68
