0
0
0
0
337
430
430
327
499
536
536
37
37
37
126
87
17
17
438
438
327
491
590
90
215
215
401
401
228
273
514
653
690
690
664
325
247
253
333
368
661
713
679
691
702
753
803
623
420
420
420
422
422
422
271
522
346
649
45
37
37
37
37
37
37
386
532
330
173
90
537
463
493
578
343
197
477
477
477
477
553
414
265
406
406
707
716
725
725
770
725
725
763
766
770
770
649
597
721
721
593
225
151
127
102
28
144
361
553
743
743
493
493
221
461
451
388
352
551
585
585
585
585
304
215
434
246
255
255
320
320
132
379
296
498
577
557
517
503
503
650
238
471
135
218
135
208
208
266
272
246
374
453
258
270
270
623
623
623
653
653
848
848
642
848
848
562
848
530
530
600
573
573
642
642
642
238
142
152
307
297
515
491
491
525
501
304
628
613
633
633
602
519
498
602
602
612
385
436
204
