0
79
181
181
363
370
223
223
223
392
392
327
328
555
555
409
364
250
544
367
367
232
372
335
335
231
231
564
564
328
190
462
462
467
639
639
639
546
546
608
608
608
608
608
615
657
166
174
65
128
271
826
832
715
478
510
510
553
553
629
664
646
646
637
276
286
227
296
296
638
627
551
318
318
340
107
501
395
395
315
277
177
154
184
104
454
290
177
173
202
259
340
305
323
291
291
252
397
307
306
375
375
375
367
552
708
830
830
810
727
757
94
94
345
613
374
791
844
542
505
359
223
223
129
126
262
300
366
366
366
341
341
341
341
341
502
592
619
619
609
609
502
492
492
492
272
365
365
365
397
568
578
468
736
713
713
823
658
658
405
372
750
750
199
167
285
762
762
762
762
788
459
214
173
173
173
151
569
453
417
754
754
359
258
185
185
223
223
459
529
821
821
605
445
764
764
764
702
728
588
