38
38
55
55
116
322
540
540
551
551
169
28
447
448
565
290
447
708
684
336
301
561
563
563
500
631
631
815
528
635
598
647
612
644
571
538
595
378
324
371
371
69
201
92
223
17
17
17
17
161
455
449
387
393
182
182
474
451
404
304
315
315
321
321
329
390
771
302
302
250
250
459
481
529
529
529
481
215
757
715
705
319
356
178
133
130
119
119
119
231
203
211
15
199
387
20
15
358
352
191
198
243
341
551
740
616
500
441
454
304
609
524
524
532
666
435
259
361
361
131
400
156
744
744
582
679
857
388
388
484
429
422
674
392
403
477
453
574
462
462
551
381
465
426
708
708
708
652
727
747
692
748
467
145
201
292
311
253
137
118
425
425
380
655
655
621
621
769
776
381
481
511
501
501
552
552
547
607
456
421
421
421
818
818
672
831
764
831
546
575
831
831
763
777
697
413
580
736
736
736
