0
483
743
714
505
319
319
257
291
316
350
350
388
644
501
476
336
479
414
335
335
0
66
66
34
304
631
631
225
536
46
46
18
221
219
561
246
580
415
275
326
434
463
463
301
270
505
530
522
519
524
541
611
630
475
359
542
517
95
181
115
68
68
60
60
77
201
172
155
478
754
544
567
567
527
311
718
322
319
734
138
138
133
381
769
769
769
769
506
497
488
287
503
796
796
676
676
676
456
456
456
576
837
822
837
519
519
519
539
539
597
597
409
410
410
410
403
403
563
599
556
772
686
562
562
576
532
532
627
713
713
599
655
655
794
794
114
94
94
527
597
597
787
787
437
504
475
504
504
661
617
647
385
571
701
384
269
279
772
772
772
750
512
512
566
566
377
704
576
666
704
720
678
659
627
627
646
614
646
646
621
621
621
621
426
316
347
347
516
364
290
307
651
651
686
686
686
686
650
639
