177
184
151
169
642
493
509
509
616
616
227
486
486
115
65
119
107
60
252
252
252
174
173
326
482
600
842
702
743
848
715
715
715
641
599
614
505
502
258
68
136
694
694
694
694
846
676
608
552
818
818
252
252
252
491
491
491
491
441
470
161
254
107
107
14
321
16
16
378
332
342
342
342
500
532
652
696
646
607
772
786
786
766
605
433
156
156
156
63
67
67
54
282
302
302
302
474
481
510
446
446
446
331
728
679
701
701
733
733
733
733
733
715
715
726
624
579
659
218
234
234
391
500
806
806
806
736
736
720
514
514
720
123
271
464
494
573
594
465
196
117
294
301
301
536
706
694
578
246
178
230
657
464
464
648
409
543
346
346
3
3
3
97
455
431
694
694
766
697
260
60
289
475
475
562
562
562
562
395
395
363
565
815
815
799
799
141
341
338
224
211
331
299
422
513
504
483
219
219
386
