0
0
0
0
117
0
113
334
411
438
128
128
91
202
760
762
773
481
509
509
456
396
366
540
540
521
473
473
536
367
389
744
744
744
606
477
237
237
237
195
592
611
589
620
637
605
536
524
247
313
287
248
820
820
820
688
789
793
501
463
185
138
138
305
305
202
620
705
614
599
599
597
695
724
171
408
271
273
163
263
253
261
210
207
367
753
753
753
699
676
500
694
475
576
484
484
488
428
604
604
640
673
712
620
614
205
258
171
171
89
260
367
380
398
398
398
398
398
621
621
764
764
764
764
764
764
698
292
292
292
379
379
753
221
466
466
514
404
407
405
476
414
668
697
617
842
842
442
524
664
647
660
660
730
627
860
860
737
737
747
720
747
164
239
41
566
566
527
528
528
478
596
582
498
581
25
25
25
25
419
420
60
371
19
341
351
386
438
641
781
781
791
791
791
858
858
573
808
808
808
