575
611
305
108
67
67
67
83
627
627
627
576
258
41
41
199
308
308
437
630
630
630
751
642
751
639
639
751
751
751
706
706
730
730
642
665
673
862
681
681
681
717
862
462
766
819
683
726
780
595
749
759
780
862
862
145
145
440
410
478
316
175
131
131
131
191
42
296
95
95
378
350
284
99
99
600
622
195
210
195
140
109
92
460
404
244
312
132
132
56
84
84
598
816
807
807
512
530
530
518
518
737
554
754
575
447
575
628
628
628
628
504
708
159
739
714
670
665
665
426
426
426
165
698
532
788
768
638
638
812
837
701
800
800
800
800
540
453
478
503
553
813
783
801
124
215
234
211
217
217
232
164
111
88
88
222
337
368
368
171
640
620
513
620
501
474
474
506
724
583
631
140
171
495
495
546
552
433
414
642
167
164
164
554
554
627
627
367
168
168
469
543
675
675
234
343
599
582
341
255
