151
231
231
253
253
501
504
669
201
128
128
128
146
146
146
72
23
595
595
73
24
0
0
377
98
227
257
537
133
137
133
133
133
199
233
412
633
793
734
734
243
243
359
359
472
319
318
596
509
602
602
195
289
116
116
138
357
411
405
248
248
283
283
426
370
370
401
401
278
724
265
361
362
812
431
431
569
569
812
812
720
540
540
397
564
209
184
184
66
16
88
306
376
376
442
399
670
351
705
758
341
106
106
106
106
74
284
137
285
119
32
29
29
66
66
93
93
93
142
665
665
665
658
665
665
665
721
721
721
869
641
480
643
678
522
435
587
572
417
729
26
26
76
729
729
729
868
849
849
651
651
694
809
629
634
560
488
421
412
485
504
481
763
521
847
556
339
181
181
158
158
777
773
773
504
604
604
650
23
7
86
329
86
404
456
630
596
596
709
372
321
321
314
312
312
292
288
234
234
234
