0
195
270
289
99
265
183
225
442
442
809
809
768
435
494
111
111
199
199
137
137
204
273
401
170
184
244
170
357
354
350
118
118
118
448
274
274
458
503
498
461
727
743
791
623
654
791
791
791
252
261
791
791
791
809
810
820
525
271
271
269
313
305
297
829
829
353
342
227
230
608
713
673
693
671
463
777
771
771
556
676
718
718
728
169
7
528
545
545
260
254
200
54
67
51
51
72
288
288
269
659
712
753
710
466
106
106
155
155
233
426
542
543
491
434
432
409
409
426
683
724
725
725
528
422
534
525
585
573
442
377
377
283
303
286
303
279
279
279
337
42
42
158
146
105
105
105
166
267
31
444
173
251
173
181
196
168
806
558
544
544
544
544
506
506
516
516
607
521
284
696
281
253
355
163
163
163
163
149
164
256
152
99
245
414
189
189
340
125
702
699
699
109
109
109
277
405
313
313
290
