4
4
92
346
346
387
387
417
417
261
261
180
209
253
230
97
98
102
76
55
71
71
151
151
316
199
116
116
19
19
9
9
9
19
9
15
15
21
59
152
59
330
284
210
208
178
115
124
130
305
280
280
300
300
268
268
134
110
198
198
198
152
136
37
37
37
119
337
408
408
354
354
389
443
423
423
355
343
467
384
394
395
312
335
109
76
120
90
220
367
319
319
307
235
235
382
378
382
424
424
424
385
385
385
385
385
321
233
39
39
39
174
228
136
134
191
177
177
250
281
304
338
305
258
258
345
319
357
357
375
238
221
104
73
46
39
39
39
21
33
28
28
28
28
343
342
320
320
342
185
185
300
203
375
277
316
228
224
348
207
424
75
91
91
151
214
243
235
190
190
213
86
151
151
340
514
522
349
471
500
521
363
318
472
445
501
301
301
301
157
122
110
57
57
14
14
226
377
416
416
