0
119
44
167
167
214
44
44
44
44
24
735
735
476
240
476
775
775
775
775
775
725
725
723
773
773
773
775
775
738
621
621
613
801
801
824
612
612
607
384
384
180
396
687
450
595
513
797
798
532
358
328
357
357
357
419
492
703
703
592
546
245
542
462
637
234
272
324
783
783
783
783
783
339
285
323
323
202
275
460
375
660
660
706
560
560
624
714
714
339
339
738
799
778
852
852
834
756
582
549
329
475
283
90
90
441
327
507
576
654
296
719
719
506
516
564
717
717
643
92
289
312
254
254
34
34
69
45
45
45
34
34
344
311
290
290
290
304
313
344
10
10
88
88
510
454
340
487
573
837
837
368
376
376
376
590
609
468
411
387
395
354
572
621
747
206
845
547
637
358
358
848
848
793
633
397
451
451
451
451
54
125
95
21
611
699
699
745
436
418
418
506
512
586
238
171
343
343
343
169
