0
0
51
202
80
80
91
91
91
515
515
262
483
451
461
215
230
236
236
236
127
515
582
489
248
225
360
626
400
337
337
301
386
230
229
468
6
6
23
148
147
758
552
571
581
556
556
632
316
316
323
723
325
381
330
461
461
315
299
626
769
571
500
216
216
108
374
374
171
405
336
342
336
139
195
175
43
43
43
332
229
313
187
187
370
370
370
480
356
321
39
493
493
603
720
704
215
870
877
877
762
384
724
291
291
442
442
598
394
394
475
475
418
419
419
506
300
157
116
116
180
351
287
417
64
64
129
280
328
392
696
586
534
639
484
484
434
434
434
424
603
759
625
120
129
124
49
40
643
643
197
189
163
125
125
125
125
125
40
329
180
180
396
410
334
458
507
391
459
253
519
519
565
716
716
540
126
174
339
279
395
471
346
479
409
619
619
619
738
769
732
688
262
262
690
595
690
307
320
702
