0
456
677
677
677
677
700
700
700
700
215
215
610
714
714
588
734
734
713
742
599
599
427
164
180
164
164
93
122
570
545
545
652
674
758
640
526
544
544
662
792
229
447
447
812
812
874
639
622
616
824
824
874
874
744
496
781
874
551
792
874
874
874
843
813
833
9
9
13
604
764
638
790
847
865
865
866
493
708
174
159
525
289
358
94
94
603
624
624
475
340
204
204
391
154
213
213
303
310
310
160
87
87
120
257
224
316
580
580
418
418
418
256
256
234
275
338
439
655
872
872
514
545
545
324
186
228
177
177
433
411
423
423
253
368
338
553
438
368
133
213
368
308
284
444
282
225
225
151
138
126
221
290
401
448
505
525
813
813
813
813
813
324
324
251
284
284
662
662
662
576
137
189
355
360
123
79
260
89
89
131
68
68
68
56
186
165
300
576
456
456
499
324
324
309
435
415
415
415
415
