217
2
2
106
389
387
72
208
208
176
176
697
697
457
455
625
120
0
300
335
335
377
377
716
315
340
50
50
79
420
423
594
428
328
139
41
41
125
125
41
571
571
467
565
857
849
685
849
488
815
573
160
326
486
514
288
430
334
69
69
57
7
7
7
7
261
261
428
316
420
290
261
196
423
456
456
419
353
333
518
427
179
815
402
251
202
382
382
491
491
546
550
550
575
590
588
504
674
681
681
854
854
743
854
333
313
295
294
294
294
294
363
363
363
863
863
484
648
365
712
707
360
359
359
359
569
569
797
723
843
630
613
318
140
498
796
773
421
832
832
623
668
589
490
466
179
201
274
389
281
242
358
593
718
732
532
532
485
409
689
732
776
776
776
481
787
787
787
553
553
489
489
553
787
787
740
672
672
807
807
637
702
702
687
686
686
150
374
374
374
374
290
372
595
622
812
485
606
606
625
