0
0
0
14
423
229
707
410
211
163
157
15
11
320
485
393
393
393
467
552
552
586
443
389
686
593
534
537
546
587
564
730
503
503
448
451
487
503
520
502
502
483
483
427
427
126
181
215
294
294
294
334
447
756
362
736
736
736
736
736
622
270
246
367
336
440
614
614
610
434
665
665
655
415
168
260
259
540
645
237
65
318
504
496
708
716
716
799
804
604
739
695
695
454
264
264
264
276
276
446
659
867
867
867
867
872
499
434
496
365
245
245
248
272
165
120
120
120
150
468
533
434
581
70
432
358
384
517
497
449
440
299
299
299
299
529
598
598
598
616
616
504
616
422
421
421
218
626
476
476
383
626
695
695
702
735
735
735
596
524
451
707
707
362
362
218
218
258
93
406
380
341
351
351
731
715
715
725
780
780
173
133
133
133
120
349
424
432
607
607
607
578
578
578
467
724
173
84
84
84
