0
473
287
486
486
487
618
712
712
711
393
393
482
457
509
678
678
498
526
635
652
685
706
706
660
710
710
692
692
209
471
348
348
526
526
477
460
710
290
234
235
235
189
173
164
440
440
463
422
246
246
462
227
469
469
468
836
854
856
805
858
858
858
780
780
777
855
864
635
426
426
426
438
438
193
193
218
218
152
328
788
788
540
529
744
640
641
641
605
190
341
209
564
564
682
682
665
465
399
141
680
714
394
268
380
325
265
11
11
235
85
11
453
375
697
697
543
665
609
631
112
394
315
143
249
550
526
33
33
587
587
551
666
664
664
694
694
694
767
767
634
693
728
780
724
727
735
774
591
308
163
163
163
264
185
360
662
630
653
834
834
829
528
466
337
675
553
233
244
248
248
365
227
227
605
605
329
331
331
295
212
317
88
364
364
527
527
596
596
530
411
411
571
525
367
387
437
383
562
546
