0
0
0
315
329
329
329
329
270
3
274
301
301
3
329
189
186
177
265
265
265
265
196
250
296
502
501
304
289
192
167
297
399
729
729
729
796
774
773
801
801
801
770
770
676
517
517
552
630
730
730
703
624
624
691
462
809
419
206
207
149
182
238
507
387
718
801
866
866
866
866
866
866
851
791
670
851
814
832
764
878
878
884
884
829
851
807
840
778
778
778
778
257
217
217
217
217
341
528
528
545
623
597
667
852
852
457
469
470
468
468
390
390
382
381
381
109
109
109
109
109
446
584
584
706
731
610
661
646
492
364
780
780
284
253
337
632
654
704
606
416
621
479
289
289
286
286
195
171
580
533
576
576
387
387
353
353
640
271
291
271
149
149
149
149
149
149
149
149
279
278
856
243
220
156
156
156
635
677
677
477
399
576
576
402
374
382
503
424
246
293
293
110
110
65
427
427
427
582
582
