0
6
6
6
6
250
250
218
218
213
604
628
631
644
644
601
610
653
662
708
862
862
862
619
619
619
644
396
696
696
696
696
560
856
520
417
331
311
864
781
781
781
864
864
864
200
152
155
111
655
620
549
71
340
433
355
415
435
276
194
194
214
24
24
24
24
433
197
24
410
252
251
179
24
334
334
334
326
388
589
687
787
878
878
791
791
791
421
411
411
130
229
229
582
533
602
536
185
380
98
144
241
552
595
595
16
16
16
555
121
14
394
394
291
291
390
386
382
331
312
288
195
383
383
104
347
333
727
727
727
727
727
727
686
534
258
170
296
180
147
96
96
96
301
268
280
385
385
406
406
732
688
688
732
732
169
280
252
200
169
169
475
433
115
454
167
167
164
153
290
290
144
114
144
98
98
154
183
314
331
331
314
352
796
796
758
796
796
796
796
441
482
384
331
397
397
467
511
511
510
