0
207
618
575
425
496
521
519
494
619
589
758
446
446
389
389
389
389
386
386
213
374
657
657
657
657
347
347
662
680
601
721
721
811
811
811
811
819
819
819
792
822
800
699
836
836
808
808
509
509
292
295
120
120
120
121
121
234
234
121
374
375
547
231
231
85
85
67
7
7
7
7
17
46
51
69
734
367
407
239
191
191
191
254
217
587
437
267
125
117
195
195
205
205
93
15
15
534
507
536
591
544
544
544
23
23
200
199
533
533
262
292
282
64
53
53
103
445
393
600
480
383
593
564
601
372
391
861
861
861
861
665
512
436
436
436
407
407
407
621
577
589
577
509
672
672
587
591
676
744
714
823
823
823
688
688
688
688
688
519
446
489
489
489
564
654
659
377
416
326
327
180
180
753
596
596
612
612
738
731
567
378
343
511
514
454
525
525
708
249
249
522
500
500
463
391
310
502
529
663
