0
488
499
499
478
422
501
547
547
541
804
823
476
704
704
705
705
490
642
790
790
261
664
664
664
407
436
619
621
581
668
722
768
827
863
863
712
632
168
168
64
57
57
181
269
433
119
190
731
663
663
605
605
756
756
756
756
568
478
343
579
577
22
388
447
306
306
750
751
744
744
467
456
541
567
607
555
555
564
386
386
427
55
55
122
84
55
322
322
383
282
340
85
85
551
526
124
124
124
124
124
124
266
148
102
102
102
81
81
374
374
188
178
393
337
264
173
450
450
450
248
248
135
271
223
304
304
302
391
286
286
286
290
286
588
771
866
618
618
618
562
701
643
738
424
424
510
154
497
480
256
256
256
314
314
361
235
270
573
553
510
510
510
481
851
866
780
755
763
512
512
530
831
550
550
555
568
422
724
736
156
156
564
808
832
323
323
180
449
415
404
229
544
495
499
662
505
483
398
579
