0
192
233
233
104
65
298
298
142
142
117
117
117
117
228
228
252
252
252
376
228
257
382
122
139
219
240
342
300
219
284
476
476
20
20
20
20
40
205
169
184
161
201
208
208
175
175
268
298
298
527
527
527
505
487
382
382
382
258
303
327
323
327
299
348
389
508
460
508
508
505
505
440
510
522
522
523
523
523
448
448
528
332
163
163
157
157
252
105
122
122
75
223
279
279
268
358
197
42
315
431
443
443
443
438
443
269
277
419
110
147
145
145
145
145
202
272
186
104
104
104
229
264
91
87
78
78
78
78
78
80
80
80
80
80
328
324
233
268
268
268
225
276
276
357
440
102
90
17
222
17
17
254
126
61
17
89
17
17
379
236
297
195
78
390
390
18
18
63
63
126
163
189
495
185
503
496
496
207
230
230
388
298
266
276
288
243
193
137
131
131
164
189
219
219
454
454
452
452
361
