197
0
219
219
614
594
416
90
105
105
105
15
15
15
15
136
15
15
15
15
15
260
376
294
216
304
61
121
121
50
341
346
273
228
273
646
646
646
157
311
157
157
157
14
14
14
14
50
26
26
0
0
52
52
118
67
52
586
791
592
791
791
742
742
742
742
608
657
571
570
783
724
353
449
724
641
783
756
415
97
135
380
372
440
271
850
850
850
792
850
839
835
698
632
636
147
302
254
254
254
233
625
652
461
192
100
300
300
499
259
815
767
767
745
753
750
717
634
393
444
444
533
534
534
753
188
201
267
50
50
554
61
46
69
422
147
146
681
567
644
645
645
486
393
363
363
381
381
505
737
642
681
568
640
422
500
697
697
835
835
638
638
513
730
864
880
877
877
877
846
846
853
880
612
612
778
778
778
470
688
731
644
644
644
644
527
669
669
786
816
880
863
863
871
871
260
260
281
281
335
