0
0
315
111
250
319
391
184
9
88
88
225
637
0
0
340
314
565
565
56
56
408
406
308
308
378
378
402
0
492
492
492
183
153
0
0
157
337
349
539
539
550
824
824
824
586
609
245
279
405
376
376
230
213
866
866
866
866
866
170
167
857
537
500
431
418
622
599
644
180
550
584
884
732
521
884
854
884
748
433
433
434
646
643
422
307
307
830
815
702
560
593
599
617
645
660
660
645
504
446
380
281
281
255
104
104
94
689
689
701
761
408
475
401
125
125
210
234
279
279
246
121
245
245
245
259
463
592
492
373
682
682
423
682
682
715
663
671
671
671
668
479
479
479
306
531
541
513
28
295
165
696
697
701
687
687
718
823
823
479
507
504
432
381
169
169
169
151
126
28
28
175
300
304
284
309
332
163
252
222
455
452
572
234
275
159
159
319
402
361
375
192
257
268
384
308
434
19
23
35
