79
154
418
798
819
779
806
806
765
637
555
631
654
582
326
228
369
148
261
192
192
192
192
208
273
273
611
498
833
576
434
435
435
842
842
482
689
842
842
790
772
688
558
569
395
395
166
130
130
126
409
534
574
578
559
598
619
634
634
312
470
466
352
369
362
362
575
607
489
633
633
633
381
312
79
191
207
398
728
738
302
239
217
217
205
324
324
199
88
97
97
88
799
797
816
651
651
412
320
378
331
378
762
627
617
617
789
384
420
420
450
404
404
404
404
110
110
202
202
202
114
771
674
651
397
280
355
63
654
624
414
552
516
684
585
634
634
56
56
56
67
67
86
67
171
379
732
744
744
744
769
555
343
437
324
497
343
332
349
637
207
127
127
451
479
824
824
314
269
117
332
557
346
128
539
623
651
714
592
595
285
306
801
801
801
801
758
613
48
35
177
473
448
506
506
599
591
727
575
516
