0
257
490
514
519
568
568
476
24
24
24
24
0
565
565
569
569
569
12
90
90
141
66
50
259
489
681
681
657
658
658
613
478
671
731
742
660
284
284
239
256
256
382
382
474
590
260
260
748
748
748
234
234
64
64
1
66
131
68
1
71
1
1
1
1
42
152
152
152
1
23
46
157
211
762
766
766
613
429
454
180
120
92
92
247
247
173
173
173
173
67
67
116
116
116
363
363
554
554
554
192
612
517
829
747
747
717
355
355
603
327
188
603
603
590
590
553
618
618
634
280
228
271
271
344
437
314
191
191
521
689
689
756
756
756
583
242
400
404
400
490
629
535
519
519
635
68
85
85
244
326
227
339
384
206
206
206
299
299
68
95
95
353
353
752
752
752
755
755
873
873
740
533
542
598
466
466
430
430
430
304
155
116
425
472
474
435
435
435
394
351
76
76
76
76
169
169
593
593
593
