196
245
245
81
418
418
418
418
420
420
458
790
700
699
699
775
775
380
380
267
267
537
227
362
305
294
224
224
190
152
321
321
319
340
113
305
203
203
173
396
485
127
78
80
80
570
862
862
181
181
168
168
517
288
288
773
602
314
280
101
164
164
627
570
570
295
295
261
785
410
568
519
519
519
708
708
697
634
637
637
811
531
811
785
785
770
742
708
708
26
452
441
475
145
138
175
215
174
284
847
823
823
823
825
818
759
421
839
839
761
801
801
403
879
879
428
268
280
378
466
734
589
627
146
146
146
146
146
385
247
188
402
476
87
87
82
82
82
82
82
82
82
82
82
601
727
454
403
403
357
90
448
738
743
476
476
476
531
620
628
576
576
535
552
885
514
533
533
533
533
421
178
178
178
89
717
431
431
431
431
257
254
254
182
749
749
708
762
762
847
591
735
861
737
647
647
647
571
236
150
