330
342
377
377
659
645
202
676
449
308
76
394
394
573
280
399
615
751
727
655
666
460
254
358
808
679
642
605
69
344
387
353
425
430
224
222
279
149
168
431
431
592
536
464
339
48
99
193
550
307
79
106
338
311
859
450
450
267
267
267
196
196
164
284
133
13
146
146
485
617
617
438
633
416
641
540
635
645
638
667
83
83
44
126
126
126
126
509
692
616
620
485
678
687
515
521
487
511
683
401
575
687
446
302
291
291
285
290
247
608
608
519
481
448
448
454
454
462
780
780
780
778
310
304
286
581
714
714
431
501
511
436
444
444
444
440
447
447
328
322
483
484
858
887
760
506
638
638
603
603
607
607
607
594
600
705
696
696
752
768
547
531
572
700
700
633
643
98
98
98
98
98
591
362
471
534
724
724
723
483
751
887
757
614
856
887
887
887
819
725
725
666
657
543
643
417
417
513
712
387
