110
304
761
527
527
539
539
539
268
592
681
864
864
864
841
844
844
844
844
867
764
627
745
781
276
162
115
132
704
759
746
746
653
627
693
746
485
455
475
857
857
857
878
797
225
225
456
438
791
791
791
646
602
602
709
497
429
429
429
429
417
294
165
520
520
549
674
877
877
877
877
877
877
754
501
393
393
837
836
876
612
420
265
195
514
512
448
448
51
51
99
99
129
129
185
185
185
185
250
107
275
304
259
259
259
255
454
454
285
453
285
285
332
332
688
650
514
378
596
648
356
337
453
353
297
364
707
707
707
731
567
522
569
729
708
708
708
716
552
457
522
617
808
807
825
825
826
792
618
289
289
656
624
416
426
296
645
710
494
610
656
607
559
536
597
597
549
549
523
578
554
617
826
826
826
850
850
827
827
827
827
656
656
67
66
112
66
66
632
680
703
751
719
599
470
439
739
771
21
21
