0
0
245
471
385
387
260
398
453
572
702
571
326
326
462
477
330
338
424
424
114
105
62
62
342
456
513
399
79
22
22
22
22
22
174
284
132
244
379
379
124
503
503
465
68
72
357
357
408
408
408
673
286
665
665
663
663
663
663
260
517
543
654
654
603
530
432
434
422
422
454
615
529
519
420
281
258
258
689
689
714
714
824
495
525
525
48
68
48
334
234
236
337
234
179
157
243
360
610
634
634
634
492
492
752
374
448
448
731
322
368
141
296
663
663
739
739
739
553
531
531
605
108
107
107
107
107
107
562
562
446
367
36
36
36
100
97
150
503
752
558
558
560
560
573
573
614
636
643
332
332
471
293
308
629
769
176
351
351
47
67
67
289
70
67
40
231
549
375
475
72
568
568
518
586
411
406
424
536
551
434
434
268
303
335
273
273
193
388
284
442
833
711
658
834
496
496
281
328
326
