0
0
133
133
150
0
0
203
430
430
492
492
492
87
87
23
23
23
479
484
479
310
426
802
652
244
310
399
554
522
538
538
841
608
608
608
808
430
326
326
309
201
122
122
139
139
251
886
886
747
608
608
495
669
352
274
676
676
545
589
603
599
467
235
72
72
281
281
335
218
218
244
152
396
352
352
576
571
557
71
71
363
395
419
374
471
342
342
177
209
133
133
133
90
90
180
229
365
455
782
782
803
803
822
822
731
676
734
550
797
797
791
792
792
891
267
267
224
224
224
271
224
224
224
224
224
283
283
241
241
773
773
760
760
759
469
274
695
809
809
609
628
477
458
314
572
665
199
199
327
317
318
318
256
204
243
609
609
860
407
748
381
400
338
401
465
466
466
466
165
195
210
342
396
599
603
705
790
665
645
596
432
386
457
336
265
523
616
616
619
308
189
189
189
189
167
518
399
364
364
