0
0
29
29
29
108
108
281
196
606
613
246
376
578
231
231
231
231
436
590
590
615
615
803
803
803
803
803
803
563
563
563
562
471
529
362
261
261
562
627
36
36
36
398
36
36
629
115
781
844
844
844
832
832
832
832
832
677
536
567
828
629
629
629
816
245
137
116
205
238
238
210
210
122
66
691
691
815
748
748
796
796
804
804
863
573
560
604
164
164
164
505
783
616
365
365
373
358
352
312
308
292
489
483
78
215
698
687
456
510
510
706
710
523
523
353
331
331
658
413
191
191
331
331
523
149
149
351
769
604
604
602
418
392
371
362
351
351
194
40
34
114
180
331
265
265
277
383
113
366
858
882
455
659
430
610
711
885
885
885
886
885
537
579
615
477
531
531
679
475
585
818
710
710
271
229
222
289
246
235
306
263
333
232
232
237
813
702
606
659
659
659
685
519
519
597
515
300
312
312
