12
190
190
264
198
177
477
477
414
414
426
426
484
484
456
426
426
200
204
205
286
286
86
183
183
126
208
306
280
306
299
298
315
334
334
334
235
207
98
120
213
208
208
246
204
204
162
1
52
52
86
14
61
61
61
97
457
469
466
443
443
379
409
485
485
489
489
489
489
476
476
476
410
276
376
463
289
460
421
421
421
353
317
385
421
491
362
28
28
30
146
268
284
274
410
323
313
244
281
363
462
462
96
18
77
23
23
23
145
6
6
6
339
339
367
370
357
260
284
295
430
176
138
109
157
137
142
243
118
283
210
210
172
163
111
226
227
231
341
242
227
402
498
480
497
451
105
222
94
94
93
93
93
70
301
475
354
358
366
357
418
418
260
267
392
394
394
372
207
216
232
289
289
325
472
472
472
343
343
384
387
387
320
320
237
59
59
59
52
52
119
253
253
232
232
245
60
325
325
325
