0
157
145
178
178
207
236
230
193
126
151
151
151
153
153
21
76
390
81
138
389
398
86
86
86
327
181
442
219
124
302
380
210
405
359
359
287
135
357
319
357
353
387
316
407
407
530
530
533
533
533
533
533
535
535
278
422
253
294
294
535
535
535
528
513
136
49
49
39
39
39
487
487
217
439
411
499
499
311
276
439
457
440
469
469
469
470
347
347
325
127
127
128
103
103
103
158
220
498
487
498
497
365
500
365
384
436
436
286
205
207
343
343
317
200
165
166
179
460
460
460
460
427
182
221
283
299
135
135
117
117
220
490
474
485
422
114
476
474
418
400
411
394
395
401
389
389
385
406
406
399
149
239
239
207
296
296
252
300
300
302
282
256
256
263
194
194
353
345
91
192
248
478
447
448
405
405
351
351
343
300
312
312
126
239
332
332
201
361
330
425
132
344
344
351
360
375
303
303
303
