54
39
68
176
187
393
696
680
680
816
816
816
816
790
790
790
822
850
841
841
841
841
841
832
832
562
633
510
687
688
707
488
488
577
625
625
625
284
377
734
623
623
626
626
626
462
545
571
582
740
724
488
252
275
237
265
841
657
450
450
364
265
346
429
194
696
857
562
782
709
303
303
619
619
638
417
414
414
465
459
771
771
116
116
353
54
147
123
131
460
154
100
9
362
452
424
478
642
828
828
828
772
650
571
171
496
447
672
731
731
519
811
811
858
858
858
858
858
768
768
789
828
828
828
833
863
364
404
364
508
667
674
519
656
859
699
762
261
171
383
383
366
463
244
305
540
619
616
536
544
524
585
585
537
628
601
601
315
525
533
251
220
546
753
722
753
431
389
694
504
241
241
7
7
7
71
73
779
779
402
398
398
798
798
728
728
728
785
775
798
798
400
400
495
443
130
130
130
130
595
