0
136
136
280
557
801
371
20
166
202
56
122
122
84
345
279
279
259
84
886
655
546
546
546
515
238
257
514
533
533
533
273
254
254
254
226
226
208
630
665
621
815
779
401
100
555
551
186
186
551
184
439
307
288
380
283
369
475
475
839
276
258
250
820
844
192
192
180
590
181
808
808
810
799
799
810
422
422
354
345
101
101
101
134
134
138
138
390
708
801
801
784
788
846
864
864
516
516
516
516
301
272
170
326
332
513
610
523
778
778
476
143
141
141
141
141
187
86
86
86
343
418
418
418
414
414
414
318
318
402
303
593
593
593
593
598
606
640
855
147
369
575
711
751
782
777
863
863
863
816
769
266
293
272
478
657
739
739
744
744
744
690
690
690
690
742
669
651
125
138
611
625
505
464
464
408
550
814
185
521
469
523
94
384
53
26
26
26
448
576
576
265
440
506
535
0
0
801
629
719
