0
0
0
19
613
689
469
158
249
262
262
262
220
220
247
329
587
310
301
353
353
167
612
662
453
453
498
298
87
75
671
379
113
360
433
440
634
635
635
627
497
550
546
588
617
521
126
64
221
221
221
221
221
243
243
432
35
215
229
391
207
207
207
207
207
103
306
300
279
279
517
247
717
724
724
422
727
883
883
812
643
649
679
714
853
853
832
531
262
262
341
291
291
291
93
93
184
352
713
592
771
408
390
538
415
676
676
688
780
697
15
15
20
217
217
581
628
641
641
641
641
672
312
313
244
244
244
180
180
166
34
132
390
402
463
441
546
546
546
686
673
737
564
143
143
178
574
643
576
587
587
587
658
658
632
632
626
626
626
626
626
370
370
373
373
373
371
585
570
725
727
851
851
851
851
754
754
760
760
711
694
692
731
10
10
605
686
693
726
726
417
443
443
644
646
646
296
148
155
155
