0
214
214
186
186
241
311
786
786
601
167
167
247
247
382
382
607
607
607
607
651
786
786
786
862
862
875
742
698
710
559
717
887
889
889
478
629
889
812
812
889
889
889
889
785
785
785
859
859
859
859
859
884
889
880
889
820
484
659
465
408
495
516
170
780
780
889
889
735
507
507
507
507
507
655
655
655
655
640
768
768
768
768
590
711
648
648
552
537
537
685
177
104
87
87
515
521
597
579
640
647
68
517
548
615
813
793
808
614
549
653
830
837
791
841
841
841
843
797
797
86
112
290
290
376
376
376
774
731
731
736
779
779
779
654
567
573
683
761
889
587
804
549
749
357
357
368
370
147
657
780
780
770
514
514
770
755
692
699
610
163
707
783
596
578
526
526
526
595
160
593
665
188
179
94
73
73
145
145
94
327
405
64
81
126
305
663
640
846
846
846
819
846
846
872
872
872
877
878
878
