0
162
113
565
565
565
565
565
650
650
0
280
280
10
0
0
0
0
0
6
6
352
365
458
651
182
182
810
810
810
766
798
799
718
540
539
381
454
528
527
570
537
766
844
447
396
731
787
787
787
768
730
581
581
730
727
727
424
536
447
484
502
502
708
708
708
801
801
650
623
773
700
740
740
740
740
740
513
601
601
894
894
894
894
894
894
774
763
763
763
420
420
420
551
551
454
453
498
194
646
576
576
580
580
420
284
284
510
454
468
241
838
838
205
137
170
137
137
137
285
285
410
410
410
544
544
524
524
722
640
640
574
574
295
295
334
389
172
88
174
212
174
88
88
190
196
346
182
182
201
182
182
196
196
148
85
71
584
616
616
259
259
265
448
561
328
513
513
417
417
632
632
457
204
171
134
75
63
497
411
562
562
430
555
537
538
635
504
474
60
60
22
22
22
45
60
60
271
271
257
