0
0
0
108
108
108
124
250
427
459
459
342
484
484
302
557
557
552
535
392
392
340
127
252
328
136
75
75
13
13
13
227
227
512
391
640
640
734
734
734
370
265
184
689
724
728
794
299
299
299
299
299
299
195
261
238
594
604
470
589
771
576
804
660
660
182
53
369
369
369
280
62
62
412
412
159
159
261
263
482
454
461
461
414
177
177
476
510
503
243
168
539
678
678
634
80
828
828
758
450
574
574
187
423
430
180
180
282
622
499
472
269
594
880
160
160
160
160
140
438
724
865
866
765
463
266
372
256
444
492
561
561
397
328
350
350
286
484
480
80
80
80
80
80
353
508
508
508
530
373
329
427
515
515
536
110
208
187
132
132
65
203
203
21
245
245
430
257
118
118
5
95
380
380
380
383
383
383
137
5
18
18
547
546
418
17
110
298
302
444
402
602
506
753
753
753
753
753
746
464
