235
0
74
74
316
463
484
552
225
186
84
84
114
123
345
355
796
862
772
554
554
328
328
353
640
138
138
136
253
582
628
628
657
662
662
668
668
668
662
783
804
784
804
557
247
463
598
617
392
384
481
218
174
174
174
174
212
474
474
534
36
36
36
212
212
443
578
578
311
196
455
455
455
544
544
544
435
495
474
470
89
89
257
89
632
704
413
734
451
155
674
843
843
722
722
158
263
295
468
493
493
477
326
846
846
846
755
796
845
887
422
513
271
271
271
271
277
282
282
243
243
255
887
873
845
590
272
260
260
260
260
479
447
551
487
774
784
784
663
310
249
253
472
547
547
516
479
442
358
203
145
599
661
661
556
556
524
435
435
178
175
490
531
611
176
176
176
241
84
152
152
311
830
868
868
733
445
753
759
759
331
331
324
825
825
825
816
891
449
449
129
107
66
66
224
224
147
353
367
367
