0
0
0
0
329
433
356
356
356
356
356
342
249
249
262
687
614
614
510
480
260
161
17
306
435
497
497
344
113
362
303
357
426
776
829
829
829
498
495
495
495
465
502
502
760
236
236
45
29
29
30
30
30
150
150
141
194
194
181
607
607
607
142
160
285
309
362
514
275
123
137
549
598
598
614
615
636
636
536
636
345
345
305
117
117
160
433
456
456
456
456
130
130
130
106
151
271
508
388
343
702
880
466
86
162
162
288
288
664
592
348
721
458
866
494
746
442
498
902
902
855
855
855
856
820
499
473
473
417
425
701
684
681
230
475
345
10
10
56
277
300
549
549
101
390
462
462
462
477
405
360
879
879
879
583
779
472
472
472
541
709
709
709
742
632
662
634
722
802
876
868
868
830
876
806
488
488
138
138
128
128
84
179
167
374
552
483
366
268
268
189
180
38
38
173
144
460
495
495
495
