326
234
313
594
352
260
625
160
42
42
32
798
798
798
798
524
558
682
382
253
464
25
25
135
414
279
124
139
214
162
565
614
614
614
46
46
140
465
680
680
367
267
716
731
731
449
426
603
801
852
852
852
844
839
858
858
688
732
534
534
505
535
894
894
894
815
630
630
537
856
765
765
738
738
738
738
738
738
585
571
337
100
100
100
46
410
684
684
420
614
550
286
576
568
568
214
214
616
731
731
733
614
501
318
394
400
569
338
297
61
27
27
625
232
32
27
27
27
27
27
134
183
183
140
143
143
203
256
447
222
222
222
222
222
362
768
654
556
626
620
588
820
435
820
731
731
782
551
371
9
9
9
164
215
9
9
9
9
445
608
435
438
435
431
161
9
9
9
86
104
132
202
202
154
154
108
163
194
605
274
321
119
132
132
132
515
179
159
329
546
546
735
404
813
795
836
836
847
552
347
