0
519
24
441
437
24
24
83
59
0
0
88
0
480
480
332
345
58
13
127
146
133
133
133
11
11
11
63
11
375
423
74
15
19
391
391
339
418
401
361
504
214
405
824
475
489
489
489
590
565
520
713
582
582
518
464
541
541
541
761
756
554
468
150
503
533
319
353
375
592
700
696
878
878
878
878
878
878
250
250
327
133
398
432
432
432
432
432
432
428
507
569
573
418
429
792
843
788
843
843
452
442
470
354
355
385
401
401
516
524
494
428
428
428
342
712
838
838
331
238
101
100
105
643
601
698
698
757
773
791
460
114
290
290
290
114
246
393
393
409
732
732
732
642
816
816
474
344
344
592
592
592
407
271
196
196
196
593
496
232
196
179
239
357
357
357
309
479
542
273
273
288
262
121
121
701
701
701
33
33
33
109
109
33
33
42
42
630
651
575
563
625
633
77
77
146
523
523
852
571
