0
0
0
0
9
0
0
0
0
0
248
349
490
467
342
342
342
448
473
493
493
493
512
512
512
512
512
350
352
352
503
503
443
289
263
494
535
346
182
165
109
212
163
163
225
351
261
285
180
82
488
488
110
108
63
331
374
377
377
292
289
350
260
260
200
200
250
400
400
400
207
250
361
361
415
151
468
239
239
294
453
419
419
390
303
261
337
215
232
219
211
211
297
297
281
161
157
118
386
439
203
128
150
157
157
120
245
271
321
457
391
372
372
365
365
426
445
493
232
232
232
158
158
29
29
197
197
197
382
488
488
484
283
142
142
142
142
131
131
268
315
315
424
411
411
366
369
423
423
112
112
112
120
120
120
120
343
369
328
328
320
454
454
181
181
35
58
114
114
114
114
368
381
475
475
320
256
282
325
279
361
19
254
241
241
205
308
308
241
303
303
303
191
187
168
167
246
246
157
287
