0
97
181
185
132
215
215
215
213
197
193
193
193
517
301
136
136
136
136
136
136
231
198
330
320
231
230
257
898
852
481
481
520
520
496
852
852
601
601
624
439
772
528
575
739
739
748
732
531
401
419
407
407
359
359
359
359
828
833
855
640
232
232
232
153
142
142
142
375
153
192
398
565
493
493
105
842
653
419
419
431
650
285
285
274
873
872
872
849
850
837
823
329
361
361
335
543
536
76
96
241
241
241
568
81
81
81
81
81
81
81
71
71
200
283
532
538
482
120
120
557
396
334
305
305
278
483
421
483
578
631
660
606
649
649
761
87
70
213
451
463
38
38
38
42
237
237
204
217
217
288
276
249
249
325
594
627
213
76
76
76
173
209
209
323
444
432
500
402
249
402
380
191
244
324
266
62
156
311
324
212
212
118
118
134
505
643
820
748
748
208
59
222
565
624
631
400
400
400
286
