1
42
94
211
534
313
259
259
102
171
129
117
117
273
117
836
858
858
286
571
426
528
815
815
858
850
527
428
514
611
611
446
287
404
516
742
768
312
452
509
509
556
520
535
535
535
563
563
610
526
509
509
509
678
437
776
762
762
690
690
733
733
732
732
351
312
116
116
116
23
23
101
700
256
623
680
763
503
188
406
495
308
597
143
35
35
35
129
136
136
355
548
549
668
668
794
848
633
342
342
145
335
309
325
581
576
504
504
531
530
696
857
857
832
832
833
833
491
527
497
905
799
718
88
418
418
88
88
109
109
73
133
133
643
693
391
308
496
496
268
268
268
118
103
191
191
191
191
297
411
887
734
626
626
626
806
806
887
808
856
856
856
856
856
887
887
473
474
474
628
784
784
784
720
513
91
245
237
369
337
269
421
367
367
210
41
41
41
235
255
199
422
460
210
210
218
218
159
159
168
