0
347
485
712
522
499
331
724
724
765
764
765
767
797
797
797
639
362
430
865
865
845
845
284
284
287
420
420
360
603
603
685
721
701
180
373
294
386
386
395
331
826
798
834
760
760
665
665
509
509
509
509
511
321
322
323
345
198
145
145
538
57
57
57
255
412
412
467
23
646
646
694
366
394
484
242
192
0
179
350
491
688
564
556
646
590
700
812
812
812
812
824
669
669
688
566
57
419
442
319
319
319
141
118
101
101
101
101
101
101
437
113
113
113
103
877
841
841
841
257
547
547
267
124
124
415
250
261
431
361
470
575
621
284
231
291
231
200
670
670
470
451
449
77
77
799
748
748
795
763
763
383
204
204
168
168
168
168
168
200
801
209
455
406
847
847
847
855
842
855
836
836
777
777
777
540
540
67
48
434
352
509
103
103
518
781
464
718
484
92
92
315
146
416
510
463
642
642
663
648
