0
0
0
417
417
611
661
643
110
129
63
104
93
93
93
93
93
94
350
268
345
228
620
620
285
323
51
50
541
581
704
679
506
531
531
491
328
137
140
515
530
886
739
739
739
578
578
219
219
247
737
737
792
908
533
527
583
710
770
256
256
256
256
332
332
630
630
732
606
606
606
173
245
201
246
264
320
359
402
399
338
491
884
884
884
683
683
884
884
884
841
793
793
793
61
116
249
109
635
635
674
674
554
539
260
312
311
453
221
731
649
649
649
649
681
681
714
752
766
782
742
510
582
582
742
742
874
874
520
520
520
520
242
242
502
394
661
366
366
366
670
531
595
595
607
607
607
197
197
231
892
488
664
664
675
653
546
546
536
546
783
176
176
222
222
176
177
185
833
860
860
644
620
623
608
727
728
823
823
823
810
810
815
815
859
449
69
402
295
794
794
193
177
90
157
159
159
155
204
204
