0
280
133
0
0
0
0
428
428
0
0
655
192
416
468
479
350
350
126
107
107
0
99
105
467
609
609
848
651
488
221
507
513
482
284
277
426
23
23
23
53
32
32
32
32
32
466
466
329
242
301
301
581
300
300
427
599
684
684
744
910
404
404
404
520
136
93
93
231
276
489
378
376
372
336
437
437
210
526
547
654
809
809
838
838
882
882
882
882
902
276
543
543
164
164
61
61
795
795
795
755
759
759
233
54
556
556
556
556
646
658
231
557
558
651
662
536
557
824
151
378
421
417
761
851
691
793
259
259
259
319
319
227
524
481
568
545
486
681
710
710
129
84
48
33
25
25
621
621
608
629
322
575
672
816
816
816
672
672
663
663
421
421
101
469
469
436
706
617
566
577
577
600
334
313
408
408
349
416
416
410
118
495
576
637
911
716
554
655
430
430
678
362
8
490
393
31
364
617
495
