0
5
21
433
433
42
42
169
169
169
287
287
248
653
663
677
677
499
543
543
384
388
388
768
768
739
739
739
512
512
703
698
332
652
122
390
627
627
308
4
4
410
501
594
503
600
544
532
802
870
870
870
874
874
783
480
692
882
498
882
795
763
850
855
855
774
775
775
815
608
786
888
806
561
218
218
203
203
285
285
111
712
859
859
686
686
612
612
640
664
394
357
357
648
364
370
370
514
514
577
579
646
646
585
612
680
665
665
558
373
785
218
218
619
619
638
638
638
844
844
413
624
575
577
639
687
687
398
398
301
301
294
683
570
465
485
327
313
368
270
524
524
653
503
488
662
665
772
720
709
767
767
765
780
780
791
715
753
491
189
154
119
149
119
119
121
6
6
359
53
6
6
157
682
816
702
563
563
563
293
293
293
679
120
708
709
874
855
855
559
347
743
743
752
752
672
355
788
788
788
