325
618
623
887
887
108
108
108
716
778
635
546
782
796
615
493
522
747
752
752
747
581
751
503
851
780
688
529
529
621
725
414
375
284
630
630
125
252
684
727
790
790
697
298
298
298
306
665
527
527
670
647
647
547
432
274
169
169
169
232
284
284
291
297
182
182
523
523
378
378
579
601
601
602
523
190
417
417
289
690
449
452
449
449
802
657
657
657
592
878
831
831
831
872
837
740
653
740
679
728
156
56
547
51
54
111
105
105
105
38
38
38
38
201
116
14
14
14
14
179
14
349
361
677
679
679
485
521
521
374
637
699
725
698
755
734
755
93
404
700
446
439
439
600
489
460
460
489
489
489
548
603
760
655
888
791
717
679
779
716
722
779
180
168
168
271
340
417
603
603
511
350
295
295
10
18
43
18
139
142
142
33
33
76
33
220
220
213
236
542
542
369
350
350
344
344
340
340
258
242
