80
58
78
127
127
196
848
848
330
374
554
554
489
839
839
844
839
839
764
764
764
567
642
268
637
346
188
173
173
187
639
630
639
794
794
794
674
673
720
610
485
485
484
484
396
406
387
387
125
57
465
696
730
730
310
345
428
463
463
873
733
660
660
738
769
745
24
24
24
439
558
474
474
139
183
160
45
323
331
380
287
266
242
387
792
761
828
656
664
664
161
36
36
344
244
341
341
127
127
306
264
265
108
445
532
745
747
281
85
115
115
135
442
120
44
42
197
153
253
42
30
30
560
331
331
344
344
398
398
430
430
430
395
24
187
35
29
29
762
82
236
858
858
771
771
771
771
376
318
278
316
219
445
563
563
580
636
633
500
567
285
314
318
269
279
360
39
173
173
173
173
34
34
34
34
34
34
494
542
716
421
285
81
81
81
327
116
116
252
252
252
202
323
341
532
470
88
88
540
338
