0
0
312
104
104
158
138
34
0
36
36
36
305
305
408
705
665
536
617
633
820
820
820
820
734
715
715
764
464
464
464
193
194
323
323
40
315
833
833
833
798
697
855
855
855
687
687
656
656
758
687
620
620
659
823
386
185
539
543
478
478
478
463
670
670
774
774
549
539
539
539
539
754
488
492
553
764
797
620
620
620
561
549
549
91
163
285
199
199
199
184
129
475
510
501
505
390
445
453
47
16
16
509
452
452
164
230
520
520
529
529
678
783
515
246
408
231
231
319
317
865
880
579
669
669
680
251
251
485
143
143
0
250
250
250
180
557
557
301
35
447
508
447
302
510
527
375
142
142
151
151
151
244
228
589
575
737
650
556
789
789
789
865
370
346
218
218
71
467
489
489
489
742
742
733
899
534
534
534
398
744
779
779
779
524
745
745
745
632
632
648
755
796
775
207
355
525
216
288
809
