0
671
671
689
689
509
509
689
430
210
210
279
496
689
689
695
768
768
835
835
835
835
884
889
889
497
499
557
557
542
542
548
635
494
538
488
469
305
245
245
171
151
678
240
240
588
285
243
726
825
825
691
691
798
798
616
616
656
168
168
804
526
802
802
802
802
802
874
874
806
834
834
694
739
723
631
733
660
506
423
25
830
830
322
357
477
458
458
485
554
624
306
369
385
482
406
353
358
372
511
480
196
177
139
128
332
466
747
747
742
800
796
750
329
407
359
359
511
481
373
566
759
493
493
529
529
665
855
855
855
896
897
871
871
871
871
726
745
707
714
714
819
879
494
416
416
400
478
478
478
123
123
123
395
119
119
119
447
506
475
301
788
588
670
803
683
789
789
765
613
554
554
467
350
425
425
735
726
736
670
765
574
272
255
636
636
603
453
0
272
427
427
493
493
607
151
151
209
58
21
