0
0
0
0
0
0
0
134
135
135
152
480
189
151
237
391
352
352
409
525
493
80
80
80
80
64
54
54
173
234
163
163
111
64
364
209
174
77
370
228
336
319
262
363
234
109
520
527
512
512
512
418
512
478
478
485
467
471
471
328
307
307
313
286
383
400
512
422
424
339
341
355
355
220
505
524
463
524
416
303
343
471
363
178
286
303
351
351
360
521
443
363
358
521
285
285
233
493
493
376
276
253
250
150
150
518
518
518
518
518
518
413
427
518
518
518
509
487
313
300
332
308
260
305
121
30
17
68
92
92
17
35
35
35
229
236
241
284
284
460
460
460
257
257
292
232
336
300
299
377
350
338
338
313
99
126
78
300
300
300
125
70
70
116
437
310
310
310
386
369
364
415
530
481
530
486
367
224
238
239
226
241
103
150
108
176
187
316
361
361
363
490
499
502
518
518
522
522
442
442
