252
604
609
342
277
428
168
300
809
586
409
505
755
755
870
708
708
669
645
645
590
791
831
831
73
191
191
412
384
518
507
855
590
567
618
855
431
818
818
818
637
675
675
426
464
450
249
257
668
316
310
683
683
683
683
777
322
459
429
429
433
502
85
85
129
45
45
565
565
565
564
483
549
0
0
207
207
105
105
293
0
11
11
30
71
52
505
459
462
3
376
298
421
20
3
196
196
445
445
697
113
671
557
395
2
2
2
2
196
479
503
640
640
640
715
321
277
2
475
644
381
532
341
713
713
587
587
747
863
904
653
460
460
557
412
491
469
367
439
656
656
231
193
198
454
382
787
787
832
500
615
615
417
745
830
792
797
696
609
609
438
438
449
75
68
31
31
31
31
31
56
25
619
619
619
857
699
436
436
452
543
267
269
269
191
335
519
456
571
385
511
511
639
668
896
896
888
851
619
429
