0
818
818
655
655
721
410
805
349
186
208
119
67
275
642
685
509
509
509
792
811
811
805
568
141
141
141
746
483
826
789
69
69
69
181
181
29
29
29
29
74
74
367
522
522
608
608
608
608
377
377
375
76
274
274
546
552
552
157
157
157
119
683
856
856
856
856
856
856
859
859
277
853
788
853
454
485
129
71
433
309
510
416
315
288
370
617
681
681
681
380
257
418
727
365
436
35
802
854
494
567
603
393
408
408
266
273
266
289
337
313
493
493
475
436
418
403
175
739
602
527
527
326
326
441
392
683
736
892
859
591
572
473
661
672
138
138
284
198
275
231
210
210
104
712
878
878
518
782
782
301
284
231
324
231
87
326
733
733
733
774
609
451
132
268
269
276
693
693
719
724
724
762
454
426
522
679
584
251
414
392
465
488
254
254
745
494
712
712
712
689
689
815
815
442
444
825
892
450
450
