8
115
445
445
425
430
83
291
83
0
483
820
298
298
319
298
423
688
624
618
594
306
306
795
803
877
771
783
783
711
613
571
556
202
357
202
202
175
124
124
50
134
50
174
152
116
107
93
363
356
124
43
43
43
46
46
46
326
46
45
45
127
73
54
553
536
536
558
656
656
700
713
679
166
356
356
357
357
557
557
580
580
345
0
736
793
793
659
382
68
245
212
428
779
534
424
486
773
509
516
516
12
69
57
135
135
12
12
34
365
275
345
469
669
544
571
600
631
611
584
375
360
83
384
235
234
571
280
261
137
137
280
263
282
534
694
445
471
608
404
393
245
245
245
213
375
323
398
398
221
340
130
285
322
288
420
51
162
14
205
148
148
81
81
81
81
81
81
142
64
64
3
226
537
348
345
345
363
296
208
218
218
10
10
10
319
397
328
249
249
299
299
239
200
200
189
135
193
197
197
