896
215
48
167
397
397
397
495
303
321
84
103
66
219
215
7
7
116
116
249
511
536
536
470
319
565
382
673
689
785
357
167
167
108
598
598
591
129
434
110
110
199
199
110
249
586
586
732
732
732
600
752
655
908
908
908
908
908
908
806
680
680
680
691
808
502
496
424
908
832
908
908
901
901
901
753
697
697
576
418
768
768
795
290
324
149
149
149
149
149
622
446
413
199
391
527
501
427
476
304
304
530
696
492
433
491
305
36
36
36
36
608
604
374
590
738
738
629
864
839
893
893
821
821
821
538
535
641
604
418
434
411
301
194
805
531
535
336
344
746
746
355
727
845
845
804
804
804
115
199
559
534
531
604
410
370
209
483
563
661
746
746
54
170
54
641
641
302
302
489
783
775
775
758
644
565
347
399
417
670
894
623
608
595
595
613
613
652
823
823
823
529
529
529
805
706
661
661
573
598
