0
0
0
0
46
267
33
277
403
449
449
596
738
602
534
534
729
729
728
822
822
531
377
393
410
449
677
677
677
677
675
698
705
809
809
465
586
681
126
120
203
626
626
805
364
204
473
494
416
416
500
502
502
544
425
126
125
42
169
242
127
127
127
127
127
127
0
102
102
102
102
0
203
375
401
424
424
424
548
567
603
596
750
777
782
814
93
711
651
650
650
600
600
600
303
386
244
684
634
618
618
788
804
710
470
541
523
616
80
185
80
80
127
196
278
342
285
283
390
114
114
114
106
8
2
2
532
583
724
685
229
360
829
829
829
791
829
732
141
539
404
404
198
700
603
700
366
206
206
206
58
58
503
87
87
133
62
62
5
5
5
5
5
5
5
5
5
728
728
450
348
348
388
388
449
405
405
396
83
646
298
217
142
473
487
594
513
498
498
322
587
744
443
129
21
21
21
330
298
312
