0
157
231
231
515
691
624
665
665
665
665
665
687
212
36
267
161
161
540
575
287
593
657
461
461
461
461
495
461
569
466
663
535
578
554
842
842
830
718
718
722
722
439
536
635
103
121
520
600
496
746
746
712
727
829
838
745
769
489
489
757
679
468
468
457
440
406
374
387
352
352
352
338
552
760
784
742
549
275
334
285
212
78
261
352
452
452
236
192
169
272
272
521
521
537
540
427
412
412
284
281
395
398
386
386
91
574
546
534
637
493
501
530
479
530
901
901
901
848
741
901
411
227
204
204
277
300
623
435
397
623
548
901
901
901
901
273
273
596
596
596
596
781
824
741
512
332
332
596
486
598
593
593
316
275
684
103
103
103
173
553
79
79
222
222
215
216
174
8
8
26
364
635
91
125
221
185
185
185
379
346
339
81
617
615
663
695
255
915
571
387
354
108
108
383
366
366
366
688
857
