0
0
0
687
552
687
687
687
567
420
726
786
578
416
0
0
0
107
374
418
417
337
336
106
730
730
618
730
730
569
569
367
285
242
307
326
318
685
676
685
209
363
363
368
353
415
720
319
123
123
458
511
508
379
282
280
280
438
280
280
71
350
440
520
538
529
263
436
62
323
316
55
55
71
19
19
19
19
3
7
67
105
105
258
538
538
154
147
147
147
330
269
374
230
578
377
231
64
520
166
134
8
3
3
18
278
347
36
847
788
788
788
578
497
164
260
400
229
229
229
656
797
596
658
554
554
353
810
810
889
717
580
201
321
321
369
369
355
604
604
573
710
491
352
352
754
530
277
277
277
311
211
146
146
421
860
860
876
896
565
817
817
817
815
32
465
579
579
607
607
176
147
147
147
197
847
581
475
368
357
142
142
70
54
54
54
64
64
235
518
856
856
796
53
407
683
177
177
177
177
