0
0
573
573
592
98
98
155
405
392
385
371
371
154
154
309
636
319
319
346
496
485
153
76
76
362
569
692
692
648
255
64
301
436
871
871
730
424
633
649
649
871
871
871
871
486
871
871
871
389
380
380
380
380
202
559
173
195
494
352
352
729
324
613
326
326
326
326
459
426
542
17
623
623
623
317
86
500
492
499
379
439
194
169
150
427
501
578
707
625
519
182
263
263
257
380
655
521
136
96
199
205
205
665
665
669
669
628
520
157
282
688
493
493
676
676
676
676
841
500
449
536
459
283
205
340
340
328
328
195
467
467
311
467
753
363
473
647
557
436
707
732
650
650
650
118
118
118
20
20
303
20
20
154
93
105
100
100
297
159
159
233
219
247
23
116
116
116
248
183
296
116
354
352
152
152
161
226
161
136
209
734
615
656
512
568
263
470
470
273
273
273
565
513
259
370
283
283
309
385
