0
15
15
254
777
695
695
381
343
351
351
356
320
236
199
199
893
893
893
893
893
873
572
873
873
595
528
548
508
508
598
612
486
500
797
797
822
822
920
871
871
871
871
842
691
691
389
389
389
449
374
199
199
149
149
149
131
351
290
332
345
394
307
390
392
333
553
661
720
620
620
620
618
605
405
423
380
329
315
52
107
107
158
120
558
526
33
33
33
507
424
352
23
23
26
26
26
21
15
68
68
195
281
68
125
256
256
256
91
87
104
104
104
81
26
26
654
881
784
828
833
833
233
233
233
233
546
546
826
271
313
200
385
755
853
422
422
383
385
335
408
362
430
433
189
451
456
669
640
409
572
783
783
101
99
99
299
773
585
367
367
337
337
337
214
477
281
450
450
310
446
424
620
168
168
168
168
147
147
123
123
457
337
404
507
846
472
625
519
84
460
577
577
577
557
87
132
119
87
362
