0
0
0
23
2
162
171
636
608
646
438
437
447
655
655
541
16
101
582
559
129
465
280
340
360
280
299
307
327
428
397
529
681
740
797
797
807
750
750
728
728
728
728
853
780
853
853
853
853
853
755
231
211
81
535
523
523
395
400
101
326
318
93
235
235
284
527
508
272
272
5
709
709
385
691
710
816
620
619
619
465
423
415
452
140
619
677
432
451
317
299
613
657
606
606
619
658
658
877
877
871
873
767
763
736
736
706
728
849
855
855
855
809
901
901
901
901
901
673
673
434
481
438
170
91
94
132
132
331
331
285
466
366
215
127
363
442
442
413
832
832
832
877
877
895
842
842
589
579
615
746
900
900
900
746
601
660
677
789
799
761
436
253
253
253
879
604
652
878
794
794
794
722
722
720
720
720
186
186
186
77
178
470
451
333
278
304
77
91
91
77
77
492
146
337
337
264
322
322
254
