350
350
245
128
295
292
295
269
269
345
373
435
435
403
490
444
444
385
444
518
162
162
361
361
322
281
376
376
376
371
423
339
246
161
161
84
375
384
423
152
459
170
170
56
332
181
50
126
281
307
307
147
142
142
142
153
214
68
12
12
12
12
12
108
237
284
284
291
348
484
481
155
128
179
250
282
447
447
447
307
385
327
473
443
443
449
227
192
192
192
192
192
250
327
449
421
480
419
511
352
386
437
265
264
324
324
478
454
485
201
346
285
239
415
428
455
380
416
455
455
369
369
395
395
367
421
210
188
114
149
57
57
65
210
167
209
167
110
110
136
110
324
324
324
489
492
461
461
491
491
500
503
503
503
367
406
406
348
348
348
339
320
325
325
231
233
233
448
203
201
357
357
458
458
458
154
164
164
48
118
118
371
293
294
461
363
354
354
103
198
131
36
36
36
36
97
258
354
113
112
