76
76
76
76
42
42
167
167
77
0
0
0
0
35
214
332
420
420
769
759
376
377
529
155
154
112
425
691
722
717
666
662
641
641
283
399
561
520
686
618
708
894
310
310
603
803
17
17
466
466
239
429
281
249
249
211
169
4
4
367
662
662
773
505
505
204
174
144
748
610
587
206
799
814
636
505
474
11
114
11
11
322
348
239
239
0
0
0
0
550
633
633
481
368
368
64
64
64
0
123
123
123
123
135
123
582
400
257
128
128
195
635
635
646
900
900
507
347
879
879
879
684
172
307
316
316
316
283
406
431
141
399
300
300
656
698
698
849
582
582
445
887
801
801
809
718
340
756
846
820
528
418
820
820
891
891
655
591
521
521
475
693
803
803
876
439
504
753
257
257
251
511
481
414
660
660
692
692
65
65
372
469
342
329
436
457
456
287
279
238
788
792
792
792
887
927
927
830
463
599
