0
0
0
179
0
105
489
444
513
513
470
480
480
337
798
555
798
798
758
532
608
828
623
828
829
830
830
606
747
747
359
172
576
638
218
137
131
131
104
137
70
332
156
314
718
613
685
684
718
728
728
728
756
845
846
818
846
846
767
810
473
239
321
351
367
590
655
516
183
240
240
240
220
809
282
282
497
497
147
147
147
147
204
172
56
90
80
131
152
311
74
47
83
64
68
200
196
231
356
486
486
252
220
209
142
21
21
24
24
278
312
199
118
111
64
64
635
313
168
168
192
359
530
478
545
569
578
578
330
294
332
802
804
804
879
879
360
343
343
341
343
543
543
543
413
601
601
566
566
566
178
612
592
592
592
124
571
654
683
575
187
85
214
214
85
98
85
146
587
362
190
219
234
234
669
246
669
779
779
429
644
403
403
713
194
512
512
512
138
138
100
100
183
183
595
475
698
698
555
178
