35
576
94
94
465
35
35
42
42
213
241
241
195
195
223
704
559
362
211
211
211
408
426
445
595
595
794
794
733
733
638
638
638
410
217
217
189
189
191
189
189
189
153
153
153
218
220
297
319
663
573
890
899
899
747
899
865
579
899
564
822
808
808
899
899
183
183
332
332
34
308
308
368
368
341
341
857
776
803
788
641
298
277
277
357
357
370
301
294
294
770
381
375
211
48
48
134
160
5
5
531
531
435
435
432
543
731
770
780
597
597
671
389
389
457
566
690
831
754
754
831
827
827
669
649
626
198
198
275
400
473
805
805
833
915
659
621
621
864
823
734
769
840
846
883
283
283
506
506
596
485
700
613
700
392
171
171
171
168
184
135
139
864
864
524
503
864
533
84
84
788
781
781
704
662
922
811
811
391
391
392
461
797
797
797
793
916
447
389
342
342
342
689
689
653
566
653
653
653
133
