0
0
264
140
382
646
274
35
92
109
109
109
238
407
519
554
524
713
707
707
624
485
481
573
780
780
519
519
519
104
99
99
99
267
267
267
699
569
569
569
332
99
49
550
484
417
546
592
362
583
264
404
424
348
319
895
895
900
870
870
859
872
224
230
230
230
198
198
198
192
256
357
760
810
863
868
868
928
673
781
860
647
674
537
537
537
401
323
230
352
513
475
415
377
377
451
434
493
683
683
683
718
763
724
454
493
547
547
621
492
492
116
116
116
259
252
269
842
293
293
627
692
733
726
678
747
298
298
736
736
652
582
582
828
840
399
500
641
609
648
707
824
749
275
378
337
500
501
630
383
354
403
829
829
829
829
829
829
784
879
517
727
457
609
372
372
298
415
871
853
878
878
878
439
399
626
799
799
891
891
891
891
334
236
321
881
881
854
555
503
513
468
281
281
281
276
481
464
493
523
