0
423
423
514
321
321
321
321
603
654
502
619
619
619
619
72
72
392
392
190
123
602
149
125
125
389
210
210
556
844
645
695
317
446
353
475
426
402
242
252
404
274
259
138
144
122
500
767
767
711
353
503
9
9
13
156
278
278
278
277
313
237
270
248
248
359
734
734
365
8
8
8
8
8
6
428
6
0
70
70
0
214
214
214
329
213
191
143
143
101
51
269
527
762
762
762
762
272
189
189
189
22
201
201
201
201
201
428
201
338
514
433
436
403
415
415
415
460
597
151
620
691
657
657
746
728
724
669
380
328
328
179
179
372
519
545
603
603
642
708
561
277
223
233
377
377
677
247
247
247
542
542
561
708
519
670
670
829
794
794
689
689
648
585
570
328
570
442
442
444
193
6
6
381
616
306
405
404
462
467
210
210
514
479
258
72
72
72
72
72
104
30
30
269
58
16
16
16
3
3
