0
0
0
0
30
30
482
215
215
210
623
623
538
652
652
652
713
293
197
242
242
242
864
677
704
178
166
353
353
344
344
344
424
483
177
177
496
496
482
482
284
153
162
249
249
356
356
356
208
0
32
516
901
784
794
794
308
574
753
758
153
153
153
116
117
97
292
292
325
323
141
170
139
412
412
889
672
672
598
184
184
152
252
447
394
430
590
590
590
579
883
883
765
262
282
901
887
913
371
325
325
143
423
442
442
299
382
219
628
151
85
266
320
327
933
370
883
883
913
913
933
929
929
929
807
552
760
817
817
817
812
634
464
439
597
614
614
633
540
702
702
854
909
773
722
475
888
774
795
795
795
795
708
727
570
697
677
399
413
413
590
667
288
286
498
615
566
738
386
396
456
692
875
875
933
493
493
548
552
552
543
543
503
447
409
385
267
905
905
683
477
699
389
369
369
279
163
169
207
337
