0
0
256
256
119
226
0
0
0
0
0
268
268
309
475
538
642
363
677
464
307
250
414
414
444
204
139
50
60
32
293
147
147
731
763
491
476
712
740
699
699
726
752
555
870
870
479
587
587
614
638
621
640
331
751
331
331
447
874
856
860
656
656
658
804
802
804
741
741
804
68
211
225
403
599
599
82
82
82
82
82
127
127
115
794
794
607
607
508
70
70
211
211
398
685
685
772
661
338
338
702
702
688
687
805
685
610
357
383
203
203
681
681
771
543
543
514
574
545
454
451
451
451
451
451
451
742
767
767
675
694
684
510
482
474
686
602
89
89
89
89
117
115
145
145
600
519
345
569
786
652
638
502
224
190
673
748
437
463
192
500
453
804
870
913
811
627
641
641
641
927
799
927
360
340
347
259
374
365
125
600
552
552
551
681
681
681
681
681
681
681
741
689
538
538
538
397
621
600
551
