0
69
69
69
0
182
451
186
213
170
170
407
663
481
492
349
326
598
52
16
16
649
643
643
638
350
208
329
527
523
519
415
427
474
467
673
665
695
812
794
589
368
386
223
278
278
667
667
658
747
768
793
793
778
522
432
341
341
218
494
418
418
628
163
281
67
65
606
465
465
454
426
343
345
185
185
7
7
7
223
447
447
447
666
666
854
855
827
829
315
64
327
452
197
297
148
23
37
403
392
457
463
437
456
473
523
225
223
221
282
198
195
195
178
65
65
43
4
4
333
333
480
559
528
528
631
628
330
330
335
532
536
561
553
570
623
843
906
683
683
817
869
790
786
786
369
153
43
282
442
603
603
603
612
706
706
687
678
627
627
627
405
555
369
369
527
512
522
519
279
279
805
802
310
673
887
887
329
387
429
381
381
227
827
834
734
644
438
744
449
767
767
217
62
60
59
88
59
59
48
