0
632
632
637
653
247
699
764
647
647
577
745
815
815
769
737
356
457
45
76
66
66
66
35
117
518
380
384
630
577
625
682
682
360
376
384
384
441
293
407
458
393
137
137
737
716
737
737
436
436
523
157
322
597
632
745
745
688
739
749
786
792
793
793
739
234
234
255
234
255
255
222
156
112
588
380
754
477
754
528
528
475
483
234
254
216
752
850
850
810
783
895
857
857
895
836
895
814
814
345
17
17
17
45
29
137
29
280
280
280
280
686
653
206
214
117
293
247
156
156
156
251
462
462
167
338
374
369
620
653
653
528
129
129
196
314
320
320
321
129
129
129
129
129
129
129
129
292
292
292
292
292
294
735
483
899
899
403
431
256
88
88
162
336
372
575
561
496
393
354
81
199
118
138
137
287
706
735
735
719
644
606
606
608
608
55
55
55
55
234
234
55
408
268
308
238
92
92
224
224
