525
525
442
476
287
67
370
569
396
421
470
386
318
299
281
633
633
688
671
674
670
663
806
737
737
781
722
346
5
237
177
178
178
376
554
554
595
216
216
214
324
242
169
175
159
147
387
606
606
495
681
666
734
662
677
20
367
343
447
422
544
44
29
386
386
5
44
275
215
215
534
379
643
738
738
762
779
769
567
585
607
542
411
695
695
846
682
484
135
135
135
57
348
346
165
118
8
8
4
4
21
127
405
405
752
752
752
752
743
779
710
415
462
192
180
243
243
108
108
100
273
273
691
691
677
49
508
508
486
486
335
635
635
614
831
389
389
389
389
155
457
471
424
423
423
134
134
122
122
122
124
124
124
138
352
14
66
134
81
86
86
68
188
234
338
243
293
349
605
610
610
602
609
746
746
882
882
674
501
634
819
842
842
841
466
466
881
881
881
769
605
605
716
525
338
379
379
879
879
738
