0
54
54
121
117
120
507
507
161
161
423
507
380
422
422
422
365
248
261
525
525
386
373
371
320
278
283
283
128
76
99
135
135
121
121
112
107
252
252
84
217
294
360
265
110
420
420
420
167
218
352
325
325
312
312
249
275
275
275
275
20
20
1
79
277
356
258
369
264
257
295
257
257
99
99
99
128
92
88
440
440
467
331
282
483
483
483
472
416
419
141
237
237
195
222
368
306
472
507
507
506
471
488
488
422
123
140
69
49
49
49
49
55
54
54
72
72
154
51
77
59
59
59
87
400
400
387
271
431
468
468
468
210
114
117
257
249
249
106
141
141
141
70
70
35
35
135
218
231
231
348
215
215
429
191
191
191
268
94
139
132
132
94
173
204
209
17
17
183
283
281
289
230
396
430
353
242
242
342
284
284
293
236
337
337
311
316
345
345
239
228
464
386
286
184
184
441
27
27
27
