0
0
0
3
323
513
752
329
490
490
511
511
511
510
472
587
587
392
610
603
603
603
603
600
600
662
771
822
680
641
660
669
488
815
900
569
569
569
569
650
477
477
601
650
83
218
220
220
618
757
517
517
359
359
296
328
216
462
618
385
259
143
514
581
567
567
567
78
78
78
78
283
78
379
550
302
295
713
722
452
839
618
618
618
694
67
28
503
434
392
392
354
392
86
86
86
86
447
602
602
239
239
117
117
751
747
747
783
783
655
688
656
244
244
244
244
244
26
26
153
153
153
55
55
402
402
533
507
304
271
265
298
167
170
137
129
275
12
12
68
576
667
594
594
420
595
610
587
385
337
343
769
769
769
573
573
437
213
213
0
1
0
0
0
0
191
225
363
518
518
243
346
346
9
9
9
0
0
287
287
672
669
635
635
882
882
882
546
459
472
279
279
492
492
709
734
641
641
652
892
