0
0
0
58
58
162
237
195
179
841
592
321
321
237
237
267
263
312
166
364
356
522
522
522
864
864
509
479
670
662
670
853
853
853
853
853
853
491
262
541
579
579
579
502
559
504
163
73
306
625
625
448
580
308
319
315
687
505
505
509
604
604
734
720
759
759
759
790
846
846
635
635
796
594
428
712
628
604
612
554
667
667
691
691
406
493
508
508
379
350
350
260
245
296
552
568
478
467
660
365
365
329
395
500
500
432
705
705
461
461
735
695
758
822
743
111
39
33
33
33
181
206
123
123
399
399
534
864
864
772
864
896
519
683
689
699
517
536
536
511
612
612
610
678
890
844
216
290
280
200
200
158
158
120
46
289
283
428
400
588
644
644
644
517
241
212
258
136
166
278
144
525
617
676
679
429
491
694
694
791
791
879
569
829
912
758
496
505
505
505
530
515
131
118
118
118
88
23
23
23
