494
397
397
374
230
224
96
258
562
504
329
310
469
228
69
248
248
390
428
469
465
466
466
823
216
658
658
730
832
832
693
758
866
866
910
910
597
367
695
804
831
607
540
193
464
531
122
55
496
496
636
636
202
710
917
917
883
216
224
162
254
590
819
799
819
819
792
819
331
731
731
501
256
489
489
136
408
163
163
276
518
126
219
163
163
577
577
504
189
850
438
438
438
707
707
503
503
503
382
377
377
331
331
107
141
141
155
195
120
120
32
32
765
857
857
857
650
782
782
854
823
284
48
48
48
27
735
884
884
583
524
513
597
499
499
50
81
363
310
388
388
394
614
614
741
808
808
808
808
572
654
849
867
867
681
704
706
444
444
167
779
779
896
896
896
874
713
628
411
411
643
620
489
401
307
346
308
350
677
677
544
544
167
552
552
497
398
375
327
327
336
500
412
540
600
389
907
464
464
464
