465
465
448
511
200
174
180
553
792
859
548
776
795
795
224
403
689
803
803
640
260
249
547
271
80
116
80
136
266
309
586
862
862
737
862
862
862
586
332
290
139
110
3
44
556
572
572
454
800
537
537
627
564
564
564
313
2
193
191
19
19
19
144
453
125
557
368
321
318
129
129
0
0
0
23
77
0
0
51
205
154
491
824
819
441
441
497
226
219
219
604
615
320
277
277
294
312
312
633
768
891
391
224
197
197
279
730
790
39
231
231
231
456
494
440
578
276
276
387
187
282
254
254
674
650
650
656
461
818
818
850
850
605
605
789
822
883
548
548
548
451
451
838
524
341
894
894
681
939
934
939
926
926
588
588
588
419
163
163
190
430
280
247
91
122
122
122
122
122
262
262
163
91
91
152
196
196
344
362
852
726
660
576
576
484
326
828
828
293
711
716
416
416
416
645
278
430
430
430
612
