0
126
126
643
643
144
533
541
0
167
167
222
222
219
219
219
11
120
112
93
8
8
8
8
8
0
0
0
577
668
668
310
421
111
81
0
0
93
93
583
659
612
612
254
254
254
183
606
606
606
525
562
611
519
519
413
519
604
710
710
710
710
743
925
925
927
927
338
183
381
270
270
270
270
772
330
217
294
143
143
292
295
411
411
339
269
74
74
263
139
139
433
414
67
54
241
424
399
627
627
751
490
490
42
25
25
124
52
320
726
616
659
165
58
32
701
701
643
825
793
793
793
573
573
573
76
55
55
55
218
218
657
657
657
559
569
603
603
736
761
761
668
650
608
615
412
253
297
254
320
505
714
694
926
703
857
857
857
571
586
422
422
558
704
667
671
391
391
921
921
843
917
917
917
917
917
365
367
302
327
327
786
770
785
599
662
727
774
774
741
741
741
722
722
661
766
853
197
228
228
