0
0
410
508
588
431
431
233
233
158
656
651
226
352
748
773
787
577
331
331
180
110
144
144
144
114
373
373
407
16
262
225
730
787
452
434
434
434
434
434
211
235
277
146
138
124
34
65
453
433
564
589
589
589
645
812
835
400
797
521
475
454
454
380
118
118
118
118
118
118
95
215
129
689
689
133
33
340
33
16
12
302
455
119
205
341
290
47
47
47
60
47
506
577
636
712
712
186
186
271
186
318
229
148
344
253
253
299
194
148
106
323
427
507
663
663
663
663
663
630
248
511
562
444
331
331
553
393
393
383
810
721
734
733
816
806
812
645
437
630
553
630
567
611
293
293
337
198
198
353
625
622
569
352
713
467
609
777
597
597
597
241
199
199
199
637
637
670
715
798
798
766
451
624
672
624
525
525
735
717
756
763
745
745
745
646
554
384
384
647
241
241
211
479
301
211
298
273
273
50
