214
26
12
0
64
64
389
389
129
300
300
300
163
163
805
721
777
802
802
803
821
682
660
316
400
546
546
546
546
564
453
203
564
691
422
401
434
427
349
349
568
569
855
787
617
456
900
908
900
897
897
766
769
665
769
730
730
743
739
743
592
340
340
327
327
269
327
327
337
292
281
542
719
732
63
62
343
400
343
343
343
343
580
574
574
886
886
587
690
690
703
703
703
794
815
815
815
732
346
701
843
843
843
843
752
752
676
843
470
418
418
388
201
215
137
171
744
744
902
902
392
509
392
902
807
836
246
240
240
240
260
733
733
861
540
540
772
760
544
436
479
490
121
180
187
187
233
233
183
71
132
132
145
329
257
257
257
133
50
50
364
615
615
106
111
332
739
736
736
308
619
104
237
149
484
427
427
585
445
383
383
499
358
317
317
521
539
482
468
468
667
615
378
105
469
708
713
654
654
537
