697
427
427
512
782
0
0
75
99
99
0
123
221
0
548
242
242
220
298
343
355
395
316
76
758
565
712
419
419
419
419
355
653
420
259
498
499
409
260
566
464
464
464
464
327
191
123
123
123
181
176
280
179
227
123
123
185
163
163
163
312
193
157
161
148
136
434
823
742
617
617
404
82
82
82
57
57
308
57
68
68
126
126
68
68
45
45
4
4
4
34
300
569
308
400
329
303
7
856
856
586
416
657
633
685
406
145
864
864
219
219
385
385
385
138
69
172
653
760
700
700
760
176
489
384
430
430
374
285
306
306
254
604
823
703
666
661
625
70
161
320
564
743
511
473
139
255
223
224
759
654
721
328
169
77
97
89
441
812
847
652
795
484
484
192
291
227
422
464
633
633
612
622
622
206
206
206
382
753
709
845
845
855
312
312
228
625
574
547
707
294
294
415
415
348
604
0
0
0
0
