0
217
552
399
399
649
649
351
351
434
547
547
547
271
87
346
788
788
790
689
689
718
718
395
96
4
85
4
372
391
242
523
523
523
689
660
368
368
72
168
168
168
129
232
466
341
320
186
86
462
700
700
700
284
624
700
565
561
608
612
622
663
675
652
451
467
384
155
284
284
746
407
378
562
433
462
468
704
714
714
714
715
715
795
497
598
616
763
927
392
392
275
255
221
221
244
296
530
504
504
504
504
504
420
563
563
256
256
231
58
354
884
884
884
230
315
367
474
549
315
685
796
313
160
160
211
211
122
107
61
61
61
61
38
733
841
841
765
319
214
60
60
200
60
60
195
101
116
175
270
593
506
274
274
274
485
397
802
802
811
811
811
679
679
811
811
863
594
594
221
221
538
493
448
695
695
775
659
920
920
920
883
762
498
266
224
160
654
632
360
360
212
212
237
182
185
276
247
240
289
