0
374
567
644
730
701
639
633
724
651
395
141
106
106
282
177
177
66
64
46
26
26
380
573
414
571
567
370
426
573
597
553
315
315
315
315
308
468
338
828
819
644
831
798
788
438
484
472
472
456
420
420
368
403
579
679
683
410
449
449
721
735
735
595
656
656
660
750
750
601
413
413
750
605
612
808
920
920
869
869
869
748
395
395
346
869
866
242
707
526
61
309
61
238
408
408
408
905
905
723
406
406
406
547
548
548
397
507
366
615
510
799
626
626
728
614
614
578
66
777
803
800
558
561
677
803
803
682
682
682
605
530
530
512
653
497
497
851
671
801
801
819
689
857
883
883
529
456
418
424
424
826
889
822
822
710
710
810
793
822
560
508
508
360
252
236
112
335
719
719
719
719
716
922
645
234
234
228
228
466
291
474
377
344
477
397
339
326
458
528
528
841
386
386
423
714
714
714
688
912
