0
0
116
97
377
377
155
155
245
77
300
300
313
313
321
210
122
122
337
340
152
152
311
129
352
61
83
83
274
274
164
508
438
378
401
401
347
346
346
346
297
256
339
200
205
273
163
467
519
412
416
523
533
533
533
533
197
120
120
115
171
86
30
24
130
252
252
141
24
24
24
24
21
34
134
42
205
143
143
119
153
160
2
98
157
260
201
201
493
493
493
493
175
144
113
114
290
174
133
177
217
36
297
287
174
34
63
63
30
201
264
264
276
486
486
486
486
516
525
322
399
399
525
516
516
516
515
515
308
525
423
423
420
412
514
513
513
514
494
262
262
262
303
303
303
303
403
498
405
463
434
483
493
514
481
179
179
231
162
57
262
229
211
220
67
67
158
78
146
260
371
371
263
431
143
255
437
159
479
489
489
498
403
203
195
238
412
38
289
282
354
354
301
301
317
19
47
126
187
170
