126
65
65
65
213
213
477
506
741
462
629
376
376
431
442
442
524
803
803
803
803
797
722
224
224
150
457
457
457
323
165
53
16
236
236
236
253
253
253
460
332
605
657
378
281
324
324
399
541
541
27
27
26
30
21
21
21
204
261
244
244
33
12
50
363
430
499
721
653
274
197
382
291
756
517
458
311
537
719
719
797
797
803
730
664
682
793
554
826
819
821
821
840
762
546
836
836
836
807
802
55
748
755
194
37
513
666
755
755
659
333
262
262
262
180
144
136
143
16
16
212
330
637
651
685
752
752
526
364
499
391
315
577
400
802
797
797
802
802
927
927
927
783
783
786
786
495
155
155
155
345
323
298
308
308
381
401
263
263
532
652
625
625
656
683
676
894
800
800
542
555
476
476
83
737
737
531
137
335
223
223
290
290
403
753
660
800
874
619
638
617
617
617
617
617
438
438
535
292
172
