771
771
771
771
771
917
321
345
300
458
458
531
434
332
55
393
469
283
283
285
169
498
784
773
623
631
668
668
690
690
536
645
273
380
119
119
160
160
150
62
77
231
252
83
83
86
447
494
347
352
473
436
191
321
311
311
532
492
398
287
593
583
368
368
581
760
777
777
777
777
411
456
701
440
440
440
575
708
720
796
741
205
445
445
554
242
258
258
389
294
372
671
332
125
125
121
779
788
793
482
447
475
141
614
726
360
752
305
440
203
688
440
688
688
688
449
449
566
573
573
246
246
246
532
532
398
332
589
121
198
159
159
201
124
133
538
641
641
116
478
592
586
586
594
412
413
323
720
528
726
472
176
62
123
111
149
404
205
69
360
360
353
363
873
873
809
814
862
862
710
710
560
560
560
603
415
486
486
933
856
439
247
172
292
293
232
232
421
410
579
652
506
139
395
309
284
444
453
462
441
