73
446
564
564
474
482
513
671
770
770
770
625
625
332
306
391
275
77
106
395
645
489
469
718
707
707
492
618
820
324
510
654
364
402
560
645
133
107
314
289
154
393
816
646
824
867
794
665
626
867
867
884
884
890
665
780
780
780
364
364
364
734
848
848
790
848
885
885
885
894
837
858
821
712
13
122
109
317
399
320
182
0
127
585
815
819
819
415
415
692
777
181
164
146
143
203
203
276
117
215
114
475
217
166
373
464
464
394
275
566
566
662
369
577
471
562
403
403
403
399
439
594
589
817
897
896
917
747
260
200
608
773
819
819
870
870
933
929
929
753
497
881
927
868
868
882
855
691
691
717
635
531
531
405
410
247
247
320
291
357
608
714
464
469
261
221
195
380
249
266
438
620
168
345
519
310
312
287
286
331
839
839
615
658
611
873
846
670
670
645
802
312
264
380
353
351
351
577
849
849
