777
863
790
259
243
342
329
329
777
455
104
104
163
163
165
165
188
279
346
432
195
217
223
223
244
244
223
218
326
332
332
346
474
248
533
587
587
389
262
221
565
659
514
534
652
780
576
576
9
9
9
35
527
29
89
333
295
275
43
43
317
317
347
217
176
426
426
501
505
549
302
258
119
180
304
304
516
560
731
820
902
902
933
933
801
801
843
843
849
939
389
939
657
657
657
571
503
426
645
645
862
862
934
934
724
408
487
431
934
892
857
860
902
893
432
792
658
658
741
867
867
867
867
882
862
490
490
488
630
150
211
555
876
876
870
581
870
870
407
416
240
249
243
340
837
875
190
189
228
206
261
261
261
270
270
215
194
101
243
254
248
668
523
405
287
287
576
421
232
521
562
331
331
344
114
679
229
170
324
300
310
169
168
594
792
645
631
538
698
767
335
335
371
719
285
292
656
691
773
773
