304
304
304
147
580
460
670
670
670
670
407
86
96
96
126
82
619
420
420
842
842
842
842
705
59
59
295
734
734
831
831
742
684
449
299
299
824
730
720
720
720
489
489
720
720
693
377
515
552
780
735
653
735
564
476
557
557
151
320
320
320
651
651
651
690
805
703
869
641
571
562
498
370
692
200
758
507
442
231
231
629
645
891
891
120
260
260
314
136
136
136
575
781
246
521
884
583
516
584
579
250
250
459
265
225
139
139
139
139
675
202
200
62
80
267
111
62
83
322
62
694
694
690
740
556
576
576
576
551
590
486
484
617
507
433
433
672
672
754
754
646
421
111
288
288
432
344
238
238
325
510
627
183
164
164
848
704
615
863
863
932
828
828
828
828
828
811
663
839
854
907
828
733
738
796
837
480
437
887
871
871
272
146
146
202
202
150
150
150
150
98
381
352
299
227
130
130
93
633
615
