0
0
78
307
307
148
121
121
121
0
413
206
264
383
177
165
124
150
184
215
131
131
111
69
28
28
28
44
44
44
44
492
475
428
446
565
446
692
692
901
901
901
704
387
390
284
284
572
481
654
654
584
584
584
544
466
242
379
379
51
51
186
516
760
889
693
948
190
377
377
234
234
234
894
876
587
525
570
317
293
311
485
730
894
868
921
868
922
948
948
889
745
383
565
800
800
794
794
132
591
811
865
826
788
779
838
864
836
812
609
641
616
600
420
422
218
218
231
218
218
720
611
824
827
827
909
909
861
861
861
861
861
888
888
888
667
722
738
765
756
608
338
304
88
355
370
735
686
680
680
834
867
854
854
623
252
268
165
483
528
573
566
514
514
488
488
802
802
802
912
912
912
308
612
538
663
737
803
416
416
194
194
194
194
194
538
610
409
704
251
266
266
695
695
709
709
775
765
898
853
