0
0
477
442
0
0
0
133
133
133
513
557
557
557
502
44
0
488
152
152
432
414
414
563
405
594
551
268
340
600
269
269
341
653
513
676
459
688
726
724
785
598
169
154
373
373
642
38
236
371
137
172
438
498
514
895
895
209
209
209
287
682
826
424
169
169
289
561
150
169
99
403
403
426
336
326
326
326
468
468
468
123
142
142
142
284
238
723
723
723
698
161
161
137
137
57
57
57
57
81
81
57
57
448
693
415
416
301
180
645
781
794
792
388
385
332
332
448
332
305
305
359
850
407
435
474
474
616
575
442
445
445
530
543
510
932
932
932
932
932
932
932
944
631
944
944
944
944
811
742
742
381
211
387
335
682
816
817
286
205
209
209
209
51
51
51
415
363
51
377
289
289
685
724
724
668
668
629
510
449
449
382
400
548
328
324
897
880
903
903
903
318
346
346
345
676
678
171
212
335
