753
753
753
497
497
333
333
401
282
253
79
79
79
302
302
232
657
898
622
475
475
356
519
472
497
498
458
498
498
310
717
803
803
803
803
757
607
629
82
31
31
896
896
896
909
582
582
582
582
582
180
180
347
383
659
389
389
374
619
648
79
183
183
431
392
530
258
477
656
441
254
606
606
531
414
69
819
877
319
255
509
521
521
587
411
431
431
718
335
296
263
519
341
341
408
484
402
128
534
551
60
60
60
531
775
446
350
350
407
407
567
602
602
602
443
548
548
321
321
688
688
765
369
369
869
861
797
797
684
684
884
878
516
562
496
488
391
170
470
470
506
506
515
884
884
871
871
763
521
458
286
286
692
221
553
553
553
553
553
611
428
661
588
530
530
759
759
866
866
866
621
403
442
297
166
13
13
88
422
461
737
737
847
847
541
182
717
735
741
244
177
644
815
867
96
346
337
251
251
118
