0
0
0
85
85
59
59
186
140
140
265
265
201
337
276
173
143
79
34
34
34
34
278
278
167
167
536
826
826
894
894
632
653
653
388
254
251
288
251
915
857
624
751
395
717
928
928
824
807
544
490
609
609
592
593
593
593
588
873
873
633
459
450
558
731
731
722
881
653
653
625
826
873
590
928
944
933
933
885
186
298
157
157
553
572
454
612
548
549
368
395
597
686
686
658
926
933
867
867
856
640
841
713
713
856
253
637
642
236
252
834
834
632
793
862
862
862
862
557
553
593
593
858
765
465
494
858
775
515
515
606
703
659
571
639
395
440
626
688
468
452
387
455
455
455
455
416
482
235
152
111
190
76
76
435
435
325
245
558
607
282
340
79
100
79
109
23
124
23
155
155
127
127
23
375
375
519
518
341
600
658
599
658
658
633
398
385
442
165
248
41
41
41
41
41
303
680
716
738
738
