235
287
287
604
313
494
627
338
271
529
306
467
457
815
779
676
155
232
468
278
245
31
31
35
16
379
390
396
396
396
558
807
470
502
579
625
262
262
597
605
605
861
861
889
888
439
459
441
434
824
800
665
698
899
899
899
889
857
857
648
492
460
448
409
496
496
682
855
855
855
828
829
829
909
927
927
797
797
688
348
256
120
146
137
137
209
462
462
381
900
900
768
598
667
667
667
435
772
797
797
417
438
232
253
569
938
58
90
90
90
897
801
781
778
701
368
367
419
419
418
410
410
516
550
572
572
946
946
946
829
829
829
890
349
349
478
774
417
417
379
583
415
415
811
811
822
753
877
946
859
921
935
829
708
719
468
273
393
393
481
481
770
950
802
950
950
907
554
749
787
787
514
518
212
212
199
199
199
51
51
72
72
72
139
172
449
258
258
354
342
716
713
284
588
415
449
508
640
669
731
