345
376
141
347
253
253
291
420
420
425
243
50
124
384
303
490
490
490
490
541
541
418
119
119
112
112
112
117
142
190
275
290
306
310
310
319
453
453
137
75
68
68
381
381
381
208
292
267
61
158
61
89
91
61
45
112
112
460
460
224
224
154
340
308
204
88
88
61
138
167
87
45
0
265
265
305
339
339
213
157
105
322
437
417
417
404
401
298
310
161
12
44
69
146
114
261
353
350
243
243
243
232
282
372
372
372
294
197
274
274
305
316
122
122
93
116
423
450
461
461
445
483
496
496
57
81
81
81
416
395
196
165
120
97
208
391
211
332
309
387
412
412
476
311
311
330
330
369
42
3
17
24
10
10
10
4
168
208
358
358
63
60
144
85
48
48
119
13
166
0
21
274
447
447
447
193
179
183
517
497
479
517
194
239
200
187
234
129
242
242
309
171
171
218
218
278
141
77
305
309
