0
0
60
61
106
61
356
352
158
372
271
227
245
231
0
313
410
410
424
238
14
144
227
366
366
551
537
537
464
338
510
273
716
673
577
676
643
643
787
787
862
802
810
871
871
815
822
734
822
816
816
739
550
577
268
268
268
268
268
270
216
109
411
411
544
558
825
49
49
86
86
86
346
384
384
505
512
234
239
2
2
2
2
2
2
2
81
81
2
19
19
46
156
814
814
475
582
845
848
848
848
848
870
777
892
739
286
309
370
375
98
113
143
319
327
122
122
122
243
190
177
251
582
473
447
512
61
61
57
175
95
403
171
156
115
153
112
77
67
128
23
23
84
311
311
311
317
308
338
300
47
47
14
288
186
231
59
14
243
261
546
385
394
366
415
426
408
269
269
269
279
389
239
239
5
139
139
229
527
698
422
127
99
99
179
419
623
665
560
460
444
560
563
733
4
2
2
2
2
2
