0
87
0
0
240
240
244
398
154
515
568
545
457
139
86
114
106
598
552
505
518
597
558
574
567
579
579
469
509
490
231
57
447
131
131
819
529
109
88
473
429
188
196
148
486
424
419
512
702
693
494
518
518
629
635
726
734
837
794
793
793
793
860
361
361
351
421
398
439
294
289
466
271
939
939
939
793
793
686
686
806
772
605
455
185
422
200
364
520
480
523
636
636
842
842
492
431
656
745
745
751
465
601
219
219
413
413
413
360
360
744
668
688
878
827
804
421
421
421
421
421
745
952
952
952
952
512
213
257
349
247
669
698
472
433
281
863
863
863
720
682
877
877
877
917
917
738
949
949
949
710
710
710
901
673
654
882
552
466
466
428
428
480
426
407
84
852
864
898
442
898
898
898
895
898
898
898
952
952
952
952
952
896
896
896
876
876
876
724
399
742
924
924
926
844
844
926
926
926
814
