0
0
123
361
354
413
322
34
34
34
34
34
158
158
158
158
36
156
102
102
102
89
228
87
138
332
62
851
715
823
836
836
836
269
37
37
62
218
124
62
96
864
864
864
864
830
710
744
708
733
709
709
531
555
492
507
570
570
815
408
766
558
558
276
300
138
220
748
175
175
312
427
427
164
157
157
157
44
44
470
590
355
355
355
355
321
354
90
279
620
648
116
116
18
308
305
90
90
18
18
18
18
18
18
18
238
238
297
235
327
327
495
495
288
313
625
633
569
497
416
416
440
125
18
359
725
567
620
500
563
493
493
493
384
18
18
169
264
94
455
322
322
18
18
18
246
716
894
824
824
894
834
920
155
167
167
920
520
456
533
494
625
846
846
632
632
694
244
508
588
588
614
662
582
673
608
637
80
30
54
53
52
582
553
553
553
581
807
788
604
532
559
189
189
189
352
118
288
731
731
