30
108
129
290
129
605
590
624
674
495
348
267
93
93
218
804
804
804
804
824
667
688
588
602
483
186
271
275
510
546
623
771
771
771
771
540
510
792
792
763
788
768
768
782
779
373
259
596
607
307
308
307
268
276
0
0
3
50
387
562
562
316
98
120
98
98
663
713
3
3
3
12
29
80
71
198
198
924
924
924
924
842
845
689
689
679
606
451
91
91
456
456
91
764
764
661
143
346
346
265
283
527
286
651
635
351
486
664
664
720
688
135
314
314
658
679
573
463
501
501
24
245
300
79
245
430
725
682
515
559
237
36
36
44
44
44
44
44
44
44
105
73
73
12
12
12
12
238
282
215
215
215
512
747
747
765
788
647
624
270
283
283
331
458
794
829
829
779
751
784
635
651
706
934
503
606
106
106
391
561
561
561
561
304
304
327
326
325
402
402
673
673
472
472
473
506
508
619
635
639
