23
2
411
572
549
389
353
256
39
39
82
442
80
83
484
914
914
594
752
752
715
560
566
711
733
733
662
255
255
271
435
85
85
85
35
35
35
186
338
187
59
307
615
615
357
486
314
314
374
314
544
574
500
253
253
652
652
908
589
544
581
418
406
406
406
403
382
617
724
358
164
113
113
659
829
246
246
195
190
522
522
578
436
645
716
729
517
534
749
457
728
728
761
855
639
506
170
170
323
291
195
181
777
777
776
836
209
209
354
376
133
133
133
814
755
497
497
497
523
527
678
711
711
474
711
522
522
743
743
743
666
222
645
628
628
293
206
305
711
233
152
152
140
271
36
36
185
154
163
696
732
732
766
718
441
431
448
581
690
475
589
572
143
26
65
66
332
170
712
790
790
790
641
651
793
766
731
701
304
643
643
643
643
466
360
626
300
555
828
832
832
539
638
217
56
56
107
640
640
729
