398
160
583
507
507
581
456
933
291
291
461
225
225
183
353
334
334
675
684
684
705
821
867
867
873
878
939
939
939
908
908
908
916
916
916
916
853
697
458
535
731
731
680
767
767
541
548
365
391
564
564
367
690
692
691
654
691
560
560
560
628
921
921
921
755
114
119
610
544
544
544
544
424
482
423
684
220
203
195
553
553
553
782
490
773
773
443
443
477
560
560
566
207
264
402
670
670
322
895
895
814
741
244
244
140
140
203
203
410
323
358
246
350
455
353
504
598
598
598
576
475
539
396
640
657
625
825
893
798
793
817
607
634
607
679
742
922
469
338
349
349
349
760
287
162
219
274
124
69
179
170
430
430
430
465
484
374
275
37
37
37
37
353
167
226
254
254
250
378
250
250
250
288
158
96
96
96
249
249
204
346
848
846
846
927
927
927
882
882
622
628
155
264
120
120
315
552
522
104
104
