0
177
177
762
757
757
532
551
503
538
505
518
461
797
786
862
795
217
554
799
882
884
547
521
807
776
733
699
813
715
861
861
861
794
794
815
815
815
815
815
815
343
349
315
188
435
324
131
148
146
515
735
723
941
388
378
253
384
384
384
586
586
754
754
853
649
649
215
84
84
84
190
190
190
142
142
142
145
102
290
759
591
483
264
289
142
76
76
73
938
938
938
938
631
789
786
302
342
159
159
159
808
808
808
938
938
938
938
257
823
723
744
325
679
583
725
737
779
354
354
202
122
131
300
300
61
398
398
398
242
323
489
894
645
689
549
807
805
805
858
626
696
614
771
773
499
496
201
195
195
195
266
171
171
645
651
393
403
330
337
631
548
820
813
813
896
560
777
903
911
911
794
544
544
544
866
866
866
842
529
294
195
300
333
333
120
125
125
113
203
203
618
592
545
560
560
356
633
588
741
