232
232
434
750
750
750
703
663
611
611
611
660
746
746
746
752
506
220
220
222
788
832
276
159
105
269
293
53
53
233
572
613
868
855
855
854
305
290
419
368
387
258
406
406
435
506
510
362
128
147
119
91
54
11
195
327
524
370
448
356
123
137
879
735
322
786
786
871
657
632
778
352
234
224
224
519
509
895
895
895
895
796
796
797
651
129
129
290
250
250
503
474
612
612
435
564
564
404
283
898
898
898
682
325
325
658
483
697
697
697
697
435
221
236
205
205
93
217
131
100
62
412
115
115
136
405
433
623
625
588
568
378
434
772
768
803
797
551
486
737
635
663
697
806
265
171
277
546
563
494
694
694
643
604
764
795
795
769
769
734
630
638
786
786
759
759
125
125
364
364
247
278
187
404
294
294
294
341
341
364
310
211
211
366
307
402
406
694
687
746
769
808
830
485
485
625
293
681
739
339
