208
208
424
340
667
413
413
413
61
433
506
593
569
569
623
700
689
689
639
719
719
719
719
723
713
676
689
670
739
756
775
639
586
870
605
644
655
803
920
920
763
766
428
424
424
383
56
56
132
56
288
252
223
360
360
360
320
404
404
404
402
402
418
698
698
392
392
392
392
443
443
443
443
730
724
966
957
957
957
957
957
966
435
216
216
236
955
955
892
550
671
640
682
611
658
646
549
651
514
506
569
159
124
228
136
24
159
89
244
439
24
54
546
559
707
707
604
604
897
649
653
632
234
542
542
453
297
565
711
582
582
628
603
880
880
694
692
700
396
577
783
660
660
660
695
709
405
425
324
820
679
820
19
19
19
24
56
56
56
88
773
720
720
758
811
810
607
325
151
32
96
9
9
9
13
434
434
434
877
861
861
496
496
879
941
941
415
257
567
560
560
710
867
941
941
941
690
941
750
909
