0
915
915
633
730
730
730
539
537
568
370
622
631
638
600
600
827
799
799
538
565
560
556
701
733
480
624
668
574
507
302
306
306
744
506
511
668
668
477
423
256
256
210
136
85
28
28
28
28
28
445
594
562
562
564
433
433
95
92
333
92
147
247
913
675
711
297
557
919
919
919
270
270
520
464
938
938
554
664
525
119
423
423
508
150
150
51
51
51
506
543
262
127
56
56
51
51
51
423
428
620
603
635
652
657
657
663
663
794
791
776
533
435
38
29
29
29
29
242
29
44
45
204
203
661
661
663
268
268
297
297
116
323
331
920
880
880
890
807
890
855
890
664
829
788
831
831
74
148
418
413
413
559
641
654
726
710
746
733
349
154
130
67
799
868
869
886
886
886
873
873
873
676
635
635
635
223
486
533
254
438
333
326
326
487
591
595
676
764
764
764
466
762
763
287
287
124
124
245
283
