0
0
29
29
29
29
15
89
278
278
463
480
454
55
45
39
39
147
130
251
229
268
268
262
262
182
425
387
319
147
92
443
518
428
428
346
352
352
352
352
352
247
202
179
179
116
124
124
116
163
133
144
65
65
65
407
338
220
393
106
169
444
418
459
459
420
205
208
223
213
446
513
425
513
513
513
182
182
182
398
370
370
257
176
398
405
443
403
366
366
321
408
493
431
434
319
319
73
256
256
312
433
459
459
444
365
426
345
345
297
410
490
42
350
364
364
295
153
153
309
464
461
461
398
322
276
276
263
263
263
304
381
442
524
524
524
512
516
500
500
393
393
517
329
318
318
256
419
95
95
95
95
144
208
169
181
151
150
150
84
318
306
321
312
164
211
24
24
24
24
24
182
182
94
111
265
265
265
311
91
269
258
261
261
231
359
359
361
371
293
293
299
365
417
415
415
385
403
417
435
