113
434
434
212
189
604
604
604
604
604
491
809
809
243
243
138
130
283
283
151
151
21
299
340
617
661
661
764
764
764
764
868
866
849
849
494
509
440
445
445
419
798
800
816
510
670
258
554
576
645
645
645
634
634
544
415
337
472
472
198
607
569
607
565
142
142
142
45
45
40
40
206
40
40
40
46
46
342
349
371
601
40
40
40
40
50
50
264
268
333
44
44
44
44
44
44
44
147
302
603
589
581
716
828
828
906
790
611
466
195
195
247
336
336
441
255
254
254
210
151
249
249
249
151
192
192
358
358
148
148
148
495
425
413
413
413
413
89
431
59
66
554
554
630
650
840
840
846
846
772
767
792
777
777
109
476
476
299
299
180
180
180
351
467
879
879
826
853
806
806
453
213
48
48
190
426
493
608
568
871
871
817
583
460
463
631
463
870
870
870
882
882
405
483
483
483
446
632
632
632
