33
33
33
33
5
5
81
66
66
66
123
261
434
354
354
234
234
95
518
155
81
544
544
544
20
439
568
534
534
523
523
507
507
333
350
350
524
782
456
423
423
233
233
821
843
815
815
815
822
936
628
525
514
821
282
544
941
941
939
809
621
358
474
902
854
909
901
901
763
908
956
408
408
409
406
404
752
236
718
954
405
425
309
486
486
486
514
514
403
370
312
312
641
836
850
702
680
828
632
856
856
879
879
650
393
316
259
235
524
524
716
849
849
754
754
861
229
228
228
237
237
197
197
197
295
295
493
290
271
863
942
965
943
934
299
431
435
303
286
484
484
484
513
513
503
603
648
430
432
910
448
448
271
101
101
101
516
516
514
598
598
598
347
347
317
481
543
543
586
586
478
742
889
665
590
665
602
765
652
312
312
313
274
165
141
285
141
141
655
132
132
72
642
267
372
383
358
686
725
651
