0
747
747
747
747
747
328
328
328
615
557
642
642
642
733
574
472
632
612
661
661
704
35
462
288
240
240
125
28
687
687
202
583
583
583
607
755
630
725
725
257
319
319
248
476
388
388
392
709
173
235
401
401
364
562
631
550
612
227
816
671
671
671
671
674
678
678
697
545
549
549
495
625
384
384
568
388
159
569
449
256
256
640
520
639
556
241
241
757
756
756
554
554
537
626
551
827
704
624
585
585
580
329
89
410
162
162
120
134
120
120
325
563
577
530
525
581
561
563
571
380
596
596
470
539
539
539
418
148
97
544
893
910
910
800
571
766
199
151
663
663
829
829
721
768
804
912
65
190
190
163
197
197
50
50
128
136
400
474
134
102
49
467
672
685
466
374
374
47
18
328
328
361
552
578
762
762
762
213
377
240
86
482
467
423
423
324
297
288
166
166
454
458
240
548
522
318
521
931
511
