0
346
548
548
548
621
567
594
681
849
849
849
631
854
854
854
418
418
442
775
775
727
914
943
943
943
943
909
909
912
943
943
943
660
349
798
943
620
619
619
838
838
942
873
873
716
260
260
141
149
472
652
628
873
695
695
720
608
594
740
714
714
714
399
327
262
262
262
159
143
128
128
149
585
490
592
531
531
531
531
666
180
180
180
180
503
405
317
667
964
753
688
629
629
611
612
557
510
814
322
540
540
143
143
412
664
196
196
196
196
196
187
671
641
641
188
188
555
662
445
20
64
64
386
435
435
127
660
729
467
510
399
399
399
393
397
397
570
672
588
63
481
144
144
538
538
834
539
118
108
108
629
808
830
481
373
373
373
943
871
943
257
197
879
881
293
293
331
179
179
179
179
40
234
233
325
369
171
121
193
193
193
134
134
104
67
634
588
399
304
569
569
588
588
592
94
123
123
123
626
