0
366
321
462
522
460
866
663
749
441
533
533
546
179
141
144
246
243
205
205
205
205
141
163
163
81
174
346
723
650
650
376
635
676
881
864
902
674
726
726
295
15
612
509
204
204
600
590
680
680
425
425
495
495
582
568
831
831
288
341
273
277
189
150
146
105
173
551
629
271
369
182
182
676
521
772
746
683
744
552
552
304
374
160
160
523
523
66
3
3
241
3
90
209
209
209
205
309
309
253
301
476
704
327
327
36
36
47
53
261
246
226
33
16
16
16
252
227
779
353
462
344
344
389
911
910
911
848
734
511
649
235
435
435
665
817
817
817
817
523
555
606
674
549
463
459
460
460
774
38
137
38
38
885
533
416
416
416
416
416
780
780
617
797
532
239
318
561
762
434
451
398
398
398
398
398
252
13
302
302
764
764
763
808
742
808
808
762
306
306
325
323
653
700
694
378
493
791
791
824
