0
362
188
214
214
140
140
158
822
822
802
819
549
785
779
465
541
516
310
156
156
371
371
522
512
435
543
543
739
773
403
579
832
832
699
940
940
830
839
839
869
870
870
870
870
870
736
870
870
870
839
730
846
815
837
712
719
278
781
781
757
757
876
900
900
336
336
893
939
939
939
939
662
292
292
261
261
765
531
683
683
696
885
935
967
967
967
967
709
389
159
73
73
319
319
319
319
529
387
387
387
389
435
287
281
443
971
844
844
809
727
398
398
737
567
591
761
812
812
554
545
432
483
508
508
593
349
671
433
409
391
93
158
93
155
213
213
298
268
333
879
777
722
692
678
681
681
720
251
81
30
30
30
267
672
652
762
762
532
47
309
101
101
101
101
145
592
592
768
768
877
699
672
877
889
11
45
45
45
11
89
11
11
76
324
410
293
293
323
323
550
509
648
648
533
17
253
253
330
218
