0
195
270
511
542
627
401
380
380
380
380
971
920
599
648
648
648
723
609
558
509
675
763
763
653
376
351
311
365
206
537
618
361
123
123
123
103
103
174
174
51
88
362
722
652
535
559
559
559
559
559
344
344
255
755
753
942
881
373
866
573
492
769
687
769
528
920
920
922
876
876
876
595
579
593
593
482
464
464
114
128
187
64
259
259
259
259
174
548
865
800
646
661
916
916
916
527
611
478
643
307
179
172
202
599
494
291
330
330
653
640
640
640
640
640
640
640
625
625
107
717
717
754
866
645
658
658
851
706
422
584
468
437
733
777
777
888
623
438
849
849
734
874
874
631
681
688
946
895
613
529
451
451
418
418
488
435
380
905
905
905
727
713
748
744
497
613
875
633
725
369
369
304
490
464
288
288
269
555
504
585
585
506
495
186
199
91
466
664
778
754
754
754
754
754
401
752
785
807
846
