139
240
240
401
417
417
590
590
753
733
733
679
467
550
957
957
961
503
503
474
504
284
379
611
576
322
461
365
829
829
556
548
667
470
405
162
553
553
628
339
430
430
395
84
35
35
246
198
35
93
396
301
600
396
396
396
356
356
626
657
694
801
834
834
278
387
614
480
560
197
442
442
442
529
951
817
817
602
549
226
236
236
152
207
291
338
499
737
642
597
902
710
710
836
638
511
540
679
957
957
612
636
67
67
641
747
969
969
969
969
969
969
300
351
204
204
146
146
146
250
135
135
135
483
759
783
783
724
557
557
520
341
111
111
111
111
221
394
284
366
366
731
731
258
682
688
567
631
631
722
692
266
407
407
407
461
552
552
552
628
628
628
627
837
923
830
923
923
873
873
826
876
876
870
957
862
957
957
242
168
168
253
658
658
421
365
389
389
387
536
676
289
579
289
289
301
301
324
447
399
