739
326
293
312
283
283
283
283
283
283
241
247
247
588
485
98
708
589
568
659
622
564
585
391
397
397
397
397
383
887
887
803
887
887
887
862
862
878
594
603
342
342
254
846
553
496
403
786
580
781
638
582
193
547
574
60
5
5
5
5
125
137
275
275
68
624
619
121
121
555
555
633
530
349
349
457
579
678
702
706
771
217
242
242
265
409
705
632
114
330
279
259
244
278
278
369
395
593
423
423
88
88
88
805
842
822
250
653
653
734
913
514
514
830
830
185
203
203
185
558
622
622
920
920
878
878
878
878
841
941
965
962
962
705
195
467
365
355
187
187
345
560
493
767
766
766
766
766
571
516
776
141
136
136
456
391
533
870
903
903
903
903
940
940
759
759
788
788
867
884
884
884
884
784
757
741
741
219
500
609
609
613
662
748
639
577
506
446
537
537
571
531
480
543
517
662
662
662
971
632
