0
0
24
306
24
5
179
304
80
80
80
80
109
48
35
30
14
114
142
276
391
386
167
167
717
717
207
207
228
228
451
422
413
385
62
62
167
48
129
148
148
129
165
165
93
108
108
87
19
297
180
272
73
70
142
163
91
143
98
77
77
25
25
25
199
4
4
0
499
499
499
499
479
959
959
934
584
444
522
781
781
750
778
776
384
520
495
513
513
434
394
374
374
374
474
782
712
595
577
697
875
107
107
130
130
748
748
741
780
782
782
782
856
856
879
899
476
476
477
500
834
886
228
82
449
82
197
197
796
802
765
703
433
458
231
668
896
796
686
711
651
623
623
683
783
783
866
517
517
423
684
734
622
467
488
488
677
484
601
710
789
794
490
490
64
201
201
328
390
241
282
630
726
841
490
117
264
914
914
781
533
533
479
640
650
650
826
826
855
889
903
807
473
368
399
257
523
759
926
926
