112
328
328
265
265
495
496
496
290
290
119
437
473
413
279
411
354
355
355
347
335
335
428
419
45
44
33
35
252
314
136
34
113
113
82
449
313
397
281
270
243
406
409
320
287
386
405
136
120
120
120
120
136
143
143
143
143
143
220
450
287
277
273
270
323
394
395
395
218
392
500
208
208
167
181
154
154
153
183
264
500
500
123
120
448
456
366
397
455
433
454
541
541
502
496
496
502
502
436
477
477
205
175
239
238
193
380
380
380
355
337
288
204
159
100
100
187
187
130
130
131
121
121
121
349
349
200
266
90
152
152
137
137
225
371
429
447
447
447
299
256
256
243
278
283
283
274
390
437
343
334
395
523
523
198
344
235
253
379
83
65
78
70
65
93
195
213
200
276
162
164
88
140
140
107
107
119
461
458
185
216
216
232
492
492
275
336
294
49
526
485
428
428
275
286
286
212
192
474
474
