56
56
56
761
761
761
410
574
783
519
11
79
79
217
349
228
58
58
58
557
556
562
553
553
538
563
624
625
362
584
297
335
337
213
284
284
284
284
297
193
64
64
142
142
142
117
101
89
22
22
22
1
1
1
408
408
563
563
743
743
743
793
836
837
681
681
434
775
778
783
834
834
936
860
860
779
649
812
812
265
376
369
179
179
179
920
737
737
737
737
716
716
786
546
550
529
526
808
628
434
305
303
303
303
283
659
366
304
715
715
785
367
167
18
17
232
226
281
259
15
15
15
15
601
667
495
557
583
538
543
209
219
219
561
153
208
415
418
418
364
84
84
84
84
84
84
84
431
315
389
453
429
938
964
527
527
780
872
864
853
853
853
397
803
921
468
736
685
795
795
490
192
192
44
44
333
109
44
659
286
817
725
14
221
238
14
31
14
14
626
668
666
526
913
913
323
449
323
323
425
