109
109
109
254
109
0
513
329
814
320
793
793
793
523
552
623
623
654
612
612
71
71
71
71
576
670
581
94
900
900
900
900
769
755
755
618
324
486
481
787
787
575
404
569
569
569
471
471
497
692
831
637
643
671
490
354
529
432
602
602
928
928
609
798
652
652
332
332
189
189
189
588
688
687
279
621
284
284
109
383
402
323
323
271
271
367
579
579
417
417
772
690
681
840
790
947
497
711
626
707
784
965
974
974
974
705
705
833
833
833
84
84
118
118
118
230
204
204
48
656
517
512
773
778
911
693
642
642
808
815
966
573
645
924
924
873
803
20
739
750
529
514
440
439
19
814
811
811
811
811
850
850
850
367
311
390
404
634
634
910
762
866
866
727
176
148
122
136
136
422
410
323
323
859
530
280
925
925
925
927
785
852
927
561
360
368
340
542
948
219
62
152
158
68
427
211
231
209
46
46
