0
0
848
848
441
454
377
420
281
281
291
239
507
488
541
454
504
545
460
467
525
499
544
554
605
605
389
184
324
594
594
594
594
387
521
177
80
81
81
83
271
299
441
441
327
887
137
486
728
527
515
415
415
175
189
136
136
136
244
378
681
725
725
539
59
64
59
59
377
352
360
440
350
374
374
270
479
436
436
458
545
471
450
450
489
345
738
738
666
681
681
561
8
1
202
1
468
449
449
495
858
855
854
492
421
0
0
84
237
237
259
637
637
771
771
650
898
898
592
639
587
417
274
586
657
854
617
235
419
632
688
667
667
683
477
523
921
921
921
921
921
195
186
206
750
668
657
340
617
533
533
209
87
87
215
215
239
316
316
432
474
303
415
415
390
650
810
949
945
282
184
304
326
326
250
250
911
953
537
853
742
639
272
272
403
213
285
285
285
220
220
711
611
93
343
265
15
245
245
290
