55
81
76
76
76
70
76
0
787
712
798
607
607
521
692
352
438
616
645
645
645
887
603
602
742
742
700
700
865
527
499
455
288
255
399
688
676
923
825
701
519
534
532
539
299
289
876
876
876
891
829
829
829
829
829
829
829
807
829
829
829
829
829
935
935
800
754
935
935
935
935
935
897
902
863
473
471
471
224
233
220
213
213
786
562
646
645
583
471
508
499
859
859
853
684
655
878
52
567
684
654
377
169
883
883
789
890
890
890
882
801
516
516
533
587
521
101
101
101
703
339
386
366
319
329
511
611
621
437
410
115
340
150
460
453
453
557
943
943
842
842
753
749
704
684
773
167
380
377
301
683
820
820
820
833
517
515
425
392
190
110
110
88
59
260
503
373
420
263
220
220
223
136
563
556
708
68
720
724
691
297
302
309
27
128
229
300
48
616
697
604
604
144
37
37
708
6
28
6
110
