18
18
0
293
420
614
521
521
611
579
187
303
303
262
190
190
243
299
243
243
243
533
645
645
823
858
858
858
913
967
967
683
686
791
791
655
554
254
241
494
289
61
61
61
213
213
213
213
226
226
173
142
142
142
151
151
753
750
734
824
349
788
877
877
877
834
804
825
842
885
588
588
565
565
862
866
100
97
92
92
66
599
599
599
599
830
487
499
277
178
178
154
154
151
151
102
309
309
309
228
128
446
446
446
446
479
479
327
456
15
15
15
140
140
732
752
812
704
543
704
728
728
894
860
548
548
590
531
674
674
906
847
751
836
277
277
333
515
601
605
560
560
318
333
333
303
199
199
199
199
199
288
288
288
482
473
453
458
804
547
556
507
644
783
774
588
496
401
414
975
546
582
449
468
216
132
132
318
268
124
283
283
352
700
572
572
452
351
576
509
483
520
242
242
203
201
592
173
173
173
