0
170
140
579
528
889
324
251
830
263
340
319
345
450
473
344
344
280
280
434
434
217
491
490
488
526
543
578
525
624
571
83
83
384
384
489
780
113
113
104
558
632
654
654
679
573
573
518
413
625
185
82
82
125
166
290
249
211
164
208
554
168
533
533
678
827
879
190
130
131
131
292
398
659
599
711
761
669
639
970
970
948
955
753
269
284
212
212
414
414
411
530
530
530
530
385
385
456
456
551
551
551
214
282
252
110
110
169
285
168
334
402
445
313
524
499
542
573
574
643
373
375
423
538
441
441
441
530
598
789
737
735
687
847
478
782
782
760
760
777
618
515
737
737
490
391
178
325
354
364
364
364
595
225
197
122
122
113
106
158
158
74
113
74
74
68
68
566
559
198
198
202
668
668
689
689
727
486
759
475
503
492
463
613
643
639
725
734
685
660
204
407
675
645
645
966
966
924
676
637
