410
18
452
468
259
452
530
415
381
399
822
793
709
709
314
343
596
654
776
822
627
630
630
630
632
630
630
705
396
811
513
179
357
310
317
236
236
132
132
132
132
132
166
343
578
578
426
186
449
692
367
137
137
137
799
799
814
482
755
425
425
425
491
43
43
187
151
129
45
45
45
7
404
392
376
654
654
498
201
380
152
180
209
765
464
484
691
946
946
859
859
859
859
815
668
668
799
601
799
928
928
937
937
915
915
937
460
242
145
155
145
145
145
145
145
145
145
165
165
127
40
948
948
732
605
605
605
416
260
261
261
271
370
264
817
817
817
872
872
709
650
301
496
495
470
438
446
446
446
755
800
666
310
566
426
216
296
498
498
496
513
442
473
422
418
418
491
272
339
709
683
623
583
701
701
701
898
926
705
705
705
702
760
740
578
692
313
276
364
753
739
753
614
455
34
58
70
693
693
693
