123
128
339
0
0
0
147
147
479
468
177
292
303
312
296
600
708
393
592
543
543
791
791
787
816
827
827
759
754
822
845
827
703
881
944
930
607
466
489
399
399
355
345
345
357
769
619
619
631
699
817
671
671
718
699
844
842
842
842
886
886
839
839
504
528
525
525
622
952
952
520
520
517
254
628
753
642
780
734
702
213
678
678
412
461
588
64
64
64
64
64
64
374
188
317
310
238
857
865
899
410
811
811
811
903
795
795
759
690
639
473
292
758
758
579
255
255
505
267
620
622
622
785
844
844
846
565
491
491
498
398
394
483
512
510
510
510
563
652
696
391
391
420
444
441
388
332
332
356
649
649
882
882
495
882
779
264
288
428
424
577
582
574
505
582
582
617
409
245
27
27
267
325
636
576
576
977
559
555
748
610
307
331
635
788
788
788
788
685
847
847
847
847
500
491
491
847
983
983
558
