172
172
782
782
466
466
550
782
782
782
685
244
244
244
349
669
745
843
840
454
454
451
257
257
141
72
72
0
0
0
366
0
0
642
641
822
822
750
751
20
34
34
255
388
332
544
376
376
376
285
361
329
654
550
630
660
660
467
449
825
885
367
143
118
707
707
707
285
48
54
54
97
417
530
656
699
689
325
325
336
330
130
130
82
82
353
306
94
94
94
94
94
181
432
312
160
160
563
659
683
932
725
726
932
932
668
674
861
859
860
785
937
919
919
919
919
943
943
943
943
943
313
313
446
446
305
305
212
731
808
407
263
459
520
507
611
648
260
260
221
221
910
492
303
292
292
588
568
568
568
647
657
478
476
459
19
19
336
336
341
465
325
191
224
651
441
441
471
399
629
488
512
521
482
485
311
297
560
436
645
635
494
475
475
100
388
442
450
666
672
710
961
961
891
553
553
579
581
306
29
