219
105
213
286
286
307
233
615
591
563
563
250
379
595
595
694
960
960
424
794
794
732
709
709
709
732
705
752
417
417
410
53
27
254
247
247
247
636
264
264
324
690
690
785
785
807
793
773
569
654
430
390
559
559
297
139
445
445
413
139
809
340
340
643
584
600
600
600
198
198
79
79
7
7
7
322
696
712
722
711
315
181
181
181
181
544
555
555
555
465
472
446
604
604
588
588
797
495
139
139
240
241
367
591
291
465
765
861
263
468
586
586
555
590
468
483
628
897
913
642
370
316
316
191
266
241
191
191
191
184
188
188
500
593
545
675
534
845
461
473
428
574
353
209
64
269
269
354
350
82
82
94
138
460
468
563
561
725
737
412
499
448
448
39
402
402
474
652
136
136
136
39
39
131
624
532
339
401
184
395
362
174
217
120
83
646
704
704
757
328
786
519
246
761
708
719
887
887
887
887
