0
0
20
47
74
27
533
533
484
484
419
419
533
533
533
432
250
124
124
124
451
192
283
212
212
212
214
212
157
212
237
267
444
448
415
437
509
537
72
79
126
150
103
103
282
282
285
261
278
39
152
153
62
62
276
101
91
56
66
109
162
65
65
48
285
265
262
262
358
354
376
364
373
385
385
358
231
231
231
226
297
311
37
12
39
300
309
309
300
243
168
239
150
470
455
313
311
300
400
193
279
279
279
312
371
363
363
294
283
301
303
325
261
356
367
367
197
218
276
293
311
120
120
214
217
303
302
302
291
291
72
112
149
149
222
229
229
192
177
304
304
285
346
349
287
71
72
72
455
481
168
190
300
273
227
287
276
240
502
453
511
513
266
266
245
461
251
251
210
100
81
103
105
96
96
104
90
440
440
440
511
511
511
511
280
357
357
291
291
231
185
232
232
209
372
477
464
471
471
471
