468
822
853
775
547
547
543
543
837
804
858
858
636
535
790
639
263
145
481
485
565
239
258
343
196
321
344
344
329
706
603
498
498
531
531
900
886
886
261
680
352
785
785
637
606
612
589
492
27
486
281
233
210
210
134
11
11
11
11
38
38
3
86
86
95
95
3
44
34
472
472
472
371
371
254
509
251
251
352
464
922
939
968
968
938
629
629
722
843
543
543
504
511
770
472
867
652
281
327
327
327
327
481
607
320
574
439
271
268
268
114
217
217
383
383
417
742
603
283
677
975
975
112
112
112
171
171
258
258
171
112
28
631
459
97
97
322
716
518
535
776
766
685
165
596
417
417
491
485
568
485
872
528
146
835
940
634
660
496
496
297
376
788
788
622
618
618
653
653
703
668
469
951
951
871
871
244
512
489
489
406
158
145
145
145
601
547
762
690
690
517
755
286
256
256
256
383
307
307
229
