686
579
579
186
0
0
630
741
741
741
788
736
736
788
788
788
505
505
471
625
625
460
460
460
460
460
15
15
26
26
15
15
15
15
207
387
32
32
32
32
32
424
424
297
595
595
595
524
293
293
228
228
289
264
335
101
123
228
69
69
69
122
742
734
734
681
879
857
508
599
599
604
633
603
594
828
90
505
602
821
909
634
531
783
925
647
371
297
310
783
614
655
832
722
823
876
848
848
848
848
833
555
396
468
468
408
219
176
149
149
149
678
77
77
77
445
399
112
77
383
33
33
454
711
189
33
33
33
84
96
35
202
496
653
653
851
851
851
851
851
754
361
729
434
423
453
881
881
141
141
141
145
469
491
459
558
558
295
260
160
535
449
338
175
175
32
260
32
32
110
100
492
392
459
459
817
850
560
574
612
612
251
251
124
373
226
129
119
535
538
360
379
389
389
409
529
535
246
829
829
