0
355
475
475
616
774
781
761
362
222
222
305
305
305
602
530
505
602
95
95
621
468
468
756
610
710
431
431
349
448
448
446
446
446
3
349
325
796
796
40
40
158
204
204
204
182
373
317
127
171
183
183
113
113
110
201
189
456
434
434
204
204
204
603
434
434
479
587
588
488
575
575
689
551
458
500
511
15
655
655
225
225
366
366
232
360
360
360
572
366
344
348
284
284
326
167
589
505
583
583
851
851
851
851
895
482
838
600
600
496
401
395
369
456
327
284
443
597
929
929
637
672
959
940
748
661
636
615
651
651
497
108
108
138
138
653
490
389
141
871
478
359
472
477
598
478
806
856
917
917
152
404
162
163
163
449
456
372
494
327
152
9
440
349
349
424
424
840
689
724
660
671
643
349
387
375
805
805
839
726
726
568
490
427
577
683
689
689
679
679
548
704
704
550
51
51
70
154
27
27
