204
260
464
668
827
827
827
827
806
669
555
806
806
703
791
714
710
815
815
822
753
756
791
791
612
176
176
783
783
847
969
949
679
666
438
438
515
243
146
146
146
220
501
501
514
514
514
321
201
151
412
407
374
374
374
307
466
471
529
328
429
429
429
591
418
488
430
430
430
772
956
677
677
612
773
156
279
584
584
605
623
768
802
956
956
529
257
568
579
706
819
819
527
527
545
673
663
559
556
556
217
804
855
774
654
897
965
978
978
978
974
921
925
932
815
700
599
151
517
413
552
829
829
692
689
517
535
559
479
364
272
79
480
480
648
648
157
528
145
145
145
488
865
865
936
938
669
619
246
250
106
96
466
466
557
557
668
551
677
677
394
625
587
717
573
573
738
727
738
183
84
84
84
358
601
472
471
471
340
340
427
473
473
828
564
612
868
868
865
865
865
252
57
57
57
57
248
57
357
389
