286
351
418
394
427
126
257
791
635
232
232
609
578
87
75
146
89
151
164
296
150
277
316
248
583
534
427
233
237
237
294
261
336
116
451
463
465
459
660
969
846
834
428
334
313
313
313
313
275
265
265
372
224
196
196
168
168
168
404
337
401
401
129
147
267
738
767
684
682
682
712
712
712
795
795
795
295
154
138
351
323
415
292
196
222
222
252
196
821
821
821
752
508
364
633
624
691
447
467
408
370
438
475
504
509
573
550
610
355
317
221
221
362
362
691
496
361
361
628
556
769
619
270
265
265
430
430
820
643
155
386
605
558
574
646
631
618
968
985
455
117
822
816
595
249
720
731
336
527
527
527
231
449
601
576
504
444
532
516
716
514
722
949
742
932
932
945
939
460
194
308
544
567
611
802
802
802
802
802
216
185
130
134
134
134
237
237
237
353
311
764
515
634
773
700
526
526
598
565
575
