329
329
201
524
524
524
795
795
795
915
915
341
644
603
603
604
694
694
683
672
672
686
756
617
560
619
717
717
717
592
592
566
418
643
600
222
290
292
303
256
483
683
343
334
334
716
666
661
661
661
661
582
429
383
745
745
844
839
565
565
566
861
861
861
861
861
373
496
629
920
920
930
873
691
691
638
436
758
240
230
320
271
181
181
191
191
501
101
176
702
832
885
885
821
821
837
413
365
339
631
485
720
720
712
626
634
634
634
634
223
368
517
339
233
235
757
408
185
187
229
824
824
824
824
682
682
630
630
630
233
228
302
114
109
109
109
192
397
397
516
509
508
453
468
249
184
131
163
187
279
439
536
525
506
153
305
784
318
339
339
339
944
944
944
949
794
15
15
38
97
244
248
232
221
290
167
183
316
466
310
310
130
464
854
966
966
966
841
209
433
490
679
680
680
790
911
316
337
797
756
