0
0
0
178
245
123
377
377
310
0
0
25
25
25
25
100
100
546
553
589
566
570
561
740
729
206
508
360
717
836
383
735
861
861
861
795
914
573
600
600
666
658
658
664
717
551
551
501
523
547
872
872
411
534
761
849
539
113
59
59
745
780
360
226
310
310
341
689
173
173
474
474
235
235
25
91
221
221
216
224
532
485
485
432
376
265
266
240
219
753
753
714
730
716
716
758
567
205
34
34
34
34
34
197
552
552
576
576
711
547
547
878
879
177
85
379
230
234
156
165
193
601
696
176
176
140
424
419
555
739
85
82
82
82
82
82
308
707
681
146
189
178
178
337
807
864
871
871
505
101
337
359
165
119
119
325
297
585
582
817
618
399
399
399
467
408
788
835
911
898
849
819
866
866
866
735
737
871
881
1
193
1
1
87
1
1
53
72
72
72
53
53
421
421
826
826
813
813
540
624
