489
613
426
413
413
395
22
0
0
0
555
249
272
365
487
425
425
425
209
374
374
209
142
142
0
661
710
766
766
386
577
547
758
734
734
977
668
450
403
403
690
393
454
431
431
964
964
964
964
814
603
780
826
922
922
668
900
909
963
963
780
947
947
709
709
653
631
553
647
445
483
471
690
663
635
686
686
269
498
630
628
628
755
652
509
451
478
521
521
761
754
809
809
851
679
592
779
785
743
872
518
545
899
899
899
899
731
541
523
962
933
962
962
962
909
909
887
878
857
647
324
324
324
312
390
391
381
381
561
660
660
699
573
573
269
436
698
698
525
387
117
117
117
113
63
225
158
158
526
416
917
926
926
991
719
678
662
455
455
455
632
632
609
44
869
869
869
649
649
649
649
221
221
221
221
221
437
437
259
287
271
522
372
381
381
408
138
147
120
181
181
306
306
615
615
397
834
899
927
927
