35
86
322
487
352
739
739
739
787
787
472
335
74
74
829
528
528
566
494
481
553
264
264
264
375
375
375
390
593
197
526
544
547
902
902
623
685
594
857
602
698
698
698
816
723
722
722
722
722
738
398
398
491
531
361
319
319
320
354
603
492
723
151
264
225
225
543
372
372
77
47
308
308
330
483
483
266
266
129
210
110
436
602
602
707
657
657
657
657
436
272
80
84
85
365
892
967
719
608
608
608
608
608
266
389
544
587
608
608
274
934
934
737
747
655
608
767
328
112
112
595
225
348
348
384
302
381
396
396
846
222
222
197
914
803
803
803
887
627
645
226
256
258
439
431
411
194
144
144
351
172
94
94
781
618
609
609
307
542
809
809
809
927
753
753
927
927
883
883
879
168
210
389
389
507
610
391
395
395
281
915
895
642
617
623
882
882
889
307
814
907
886
130
226
375
348
479
167
170
27
