159
0
0
0
0
0
47
47
37
91
500
500
627
858
503
154
316
277
277
263
116
174
58
616
718
718
0
67
67
229
229
229
229
229
277
265
372
367
575
630
968
278
431
437
437
437
244
223
223
285
285
44
44
44
220
670
693
691
939
939
854
118
291
513
750
769
250
147
118
48
226
265
359
354
354
328
294
545
493
805
809
809
879
893
901
901
901
509
771
162
162
170
552
411
401
742
560
572
572
572
576
426
564
564
635
531
526
667
709
252
362
413
409
578
287
287
250
307
462
563
554
777
777
864
486
755
764
516
488
521
521
670
541
628
588
589
534
886
834
664
607
673
805
966
966
904
897
897
924
758
436
436
436
436
455
394
394
451
743
720
929
806
806
731
733
747
794
868
725
755
728
771
708
721
722
933
933
920
135
122
122
123
458
557
508
520
522
172
152
14
14
565
59
532
575
727
469
516
349
754
