16
327
327
327
74
370
383
335
252
196
196
253
253
252
252
261
261
373
295
284
172
142
222
394
438
438
438
438
438
316
207
181
45
1
1
1
261
261
261
103
103
369
369
89
102
73
66
66
41
20
270
15
3
8
3
3
3
49
142
205
157
80
403
59
46
45
45
208
283
289
321
305
305
219
264
287
287
227
227
233
374
206
209
211
206
210
387
387
387
387
348
348
346
355
299
344
322
334
343
412
407
427
427
427
188
188
185
176
176
226
271
271
265
265
219
305
493
271
271
321
320
453
453
454
244
244
244
383
238
198
376
322
485
476
476
476
476
493
491
261
261
126
176
187
158
81
83
83
246
66
47
45
76
244
156
150
120
89
160
294
493
493
257
289
82
181
181
169
170
442
437
474
474
474
474
438
433
330
219
128
225
84
317
409
409
409
409
458
458
458
173
318
331
121
105
105
105
250
220
234
