38
38
0
37
58
58
58
144
159
194
175
184
110
215
236
428
428
428
336
391
396
453
458
458
240
172
172
168
180
217
259
256
241
228
460
384
252
400
361
358
350
199
251
251
249
54
390
274
223
325
102
130
338
51
3
3
3
204
143
167
140
140
386
399
399
399
348
427
113
107
107
110
110
276
279
180
160
196
229
229
229
188
446
97
191
211
193
365
302
302
290
394
395
395
450
352
342
449
360
391
131
249
257
383
383
498
498
244
244
192
192
27
27
27
27
27
130
128
80
433
433
295
295
377
322
406
414
414
414
99
374
354
158
78
78
109
109
120
184
187
342
386
263
268
268
399
275
514
454
514
182
182
182
517
481
338
432
475
511
511
511
511
97
182
182
190
151
85
85
85
85
85
279
340
416
371
371
337
337
337
236
236
236
194
194
194
174
51
228
104
485
485
390
390
324
333
441
441
415
464
