0
104
106
395
516
516
516
724
724
750
809
809
514
492
492
330
538
323
251
116
248
248
0
543
182
182
435
435
118
118
315
222
275
275
661
661
169
169
169
169
156
173
230
124
127
127
193
193
116
116
334
122
303
303
648
554
156
148
115
115
345
409
409
417
478
729
289
367
77
33
87
87
632
162
788
807
607
738
738
793
619
619
619
294
330
560
539
418
316
394
394
355
355
286
960
960
654
369
214
319
214
832
832
798
803
718
718
143
143
87
278
278
278
278
197
253
253
253
398
220
194
194
242
596
654
654
459
418
109
137
122
122
119
746
829
848
932
932
944
929
782
782
782
503
503
603
590
586
596
333
333
346
480
742
686
792
792
792
505
505
537
548
413
548
651
970
970
970
970
558
558
800
952
952
88
55
55
94
55
55
377
377
377
634
693
133
133
333
716
704
703
487
417
417
206
197
223
595
268
313
