0
0
160
201
201
201
0
0
0
0
281
281
281
286
286
488
985
985
823
659
662
732
864
686
686
724
754
388
388
463
78
176
176
165
187
669
213
184
401
622
126
488
489
489
587
672
689
711
796
735
735
735
735
657
721
624
679
229
248
77
88
335
241
233
964
966
937
897
662
778
966
566
566
545
522
539
231
158
225
305
239
238
236
307
284
396
222
71
45
45
45
45
438
438
458
458
732
732
529
86
86
86
86
93
313
313
313
313
313
187
179
151
151
103
233
837
837
950
950
984
984
984
984
475
950
950
951
745
745
322
354
650
798
798
309
309
553
754
700
985
620
620
620
784
784
744
744
774
975
531
506
506
231
161
161
184
328
328
279
343
343
573
880
927
943
971
583
583
502
504
727
892
892
892
849
851
324
330
148
148
531
534
484
815
885
885
780
728
762
762
496
483
482
284
44
64
383
371
651
740
