0
393
493
527
230
16
33
33
33
167
295
343
307
323
393
249
469
283
253
299
189
62
62
104
79
94
55
55
126
289
285
251
251
240
240
93
110
110
110
113
197
197
146
146
134
232
522
522
115
506
506
149
149
306
316
336
336
281
281
516
60
60
201
104
98
98
208
86
83
82
82
75
21
21
21
2
2
2
1
1
1
1
1
1
1
163
154
237
284
284
429
429
344
184
212
386
300
350
252
64
55
55
55
2
123
135
278
383
383
86
64
63
63
63
241
231
199
216
279
289
20
20
214
197
110
24
69
80
80
142
121
3
319
280
297
337
162
431
501
383
118
316
320
458
458
454
450
450
298
285
383
298
298
83
13
13
241
240
49
338
344
344
97
113
97
97
41
385
407
484
435
453
468
481
494
494
174
207
151
151
151
199
238
98
283
412
479
168
142
112
105
402
443
396
396
452
412
105
88
49
