0
92
112
112
20
44
44
44
20
10
208
208
272
351
247
380
380
380
451
451
474
474
403
401
401
476
134
167
167
256
342
409
414
356
356
358
358
358
338
443
329
433
467
456
385
370
427
431
426
426
430
385
371
371
374
388
283
357
402
402
133
168
168
428
457
342
318
318
318
315
325
135
125
120
46
46
79
79
304
300
300
387
204
231
414
186
186
176
217
200
200
176
176
268
402
402
402
402
489
484
484
325
325
343
382
382
248
370
449
449
449
449
224
224
225
225
400
120
124
124
124
124
124
288
268
116
180
15
32
276
231
427
427
427
427
427
445
362
362
362
276
276
0
0
0
0
0
35
230
453
453
411
213
274
329
329
388
375
372
362
248
511
319
428
428
159
159
98
478
478
459
222
222
222
278
237
366
493
493
493
543
543
543
405
454
204
204
204
204
190
190
190
46
46
99
70
154
100
100
220
