0
2
2
27
61
219
293
293
270
386
355
355
302
197
197
99
116
118
256
118
118
377
373
329
376
371
203
203
258
258
258
233
236
349
477
477
477
477
477
476
249
214
162
163
232
396
395
395
499
163
133
133
16
16
124
169
248
210
247
247
393
409
360
276
275
329
329
379
394
394
135
135
158
66
66
26
177
177
232
231
125
125
110
173
268
483
483
483
483
483
483
483
483
330
241
280
434
434
372
483
375
483
483
150
150
131
299
318
246
321
108
326
422
386
516
508
233
250
338
234
476
322
322
266
266
312
361
361
72
58
111
72
72
72
124
124
124
78
78
91
315
428
422
422
422
453
534
524
524
526
526
358
65
46
372
372
379
379
379
378
346
346
391
391
391
270
250
250
447
447
413
413
416
523
308
527
488
184
488
488
488
503
503
503
202
202
186
428
528
528
528
409
416
416
430
419
496
507
505
505
