0
0
223
0
280
280
255
344
38
42
99
181
147
186
183
423
95
95
95
497
497
79
74
74
87
87
77
44
50
25
259
259
271
281
238
238
238
238
238
238
332
64
79
46
343
196
542
535
400
400
386
373
351
262
471
228
224
115
115
115
115
119
252
252
246
246
264
296
372
377
240
258
153
153
153
193
153
153
153
282
282
340
340
531
543
543
536
536
536
93
58
58
58
58
403
371
375
49
79
137
137
136
39
88
233
72
72
68
69
123
123
114
87
145
138
138
120
140
140
169
118
118
543
543
154
147
181
181
99
71
71
543
543
441
437
437
294
230
230
231
292
266
266
191
191
298
337
287
250
391
391
391
391
386
397
397
397
397
431
442
455
501
545
545
545
277
277
277
280
76
543
371
316
475
475
143
136
316
162
147
63
63
63
172
172
128
111
228
146
146
146
202
255
157
194
169
241
241
197
265
