0
302
302
302
344
460
41
41
41
41
175
162
162
107
203
153
269
309
313
133
371
410
410
416
465
405
416
416
495
453
453
180
40
40
268
268
268
268
268
268
345
345
271
268
183
27
265
291
251
334
371
371
391
391
409
410
415
378
378
378
378
524
517
517
257
257
252
174
174
86
67
140
222
222
258
258
236
229
435
455
399
401
343
388
394
227
484
377
395
368
257
283
112
100
307
125
83
109
109
38
38
358
342
269
281
297
265
163
196
331
368
360
349
9
69
117
14
89
217
116
118
175
175
176
74
400
405
340
413
248
220
186
154
34
34
34
34
34
34
17
17
17
46
96
96
93
18
18
105
12
284
284
33
250
111
161
153
339
180
428
428
428
428
457
434
298
275
344
291
500
121
17
168
504
502
495
495
495
502
470
470
320
320
458
526
526
527
522
225
400
457
457
425
473
473
425
411
524
524
294
