23
23
138
452
362
481
452
359
370
370
370
359
359
359
345
345
464
376
376
376
376
376
376
376
376
503
347
285
285
322
322
325
173
191
111
201
115
115
146
98
96
49
19
19
145
255
255
211
211
109
323
323
381
381
199
199
255
342
338
338
470
464
392
493
478
478
505
359
359
359
365
320
374
374
374
334
72
72
67
67
307
357
435
425
122
232
177
177
264
430
534
281
347
381
365
365
481
506
520
534
125
103
140
321
243
70
70
70
70
303
120
120
120
146
88
88
88
88
63
475
475
508
518
351
424
478
119
126
126
104
72
96
96
96
96
96
96
297
297
326
328
471
441
441
449
460
48
48
48
46
488
488
395
419
419
64
171
164
128
91
60
85
114
85
85
464
498
435
525
507
507
505
227
399
374
553
553
553
529
534
159
487
432
465
414
135
152
175
540
519
510
489
531
531
531
531
540
540
540
551
