259
285
109
109
213
358
363
363
118
363
305
268
300
300
446
449
449
449
227
220
90
146
146
146
326
326
422
398
392
392
392
430
185
391
332
332
293
238
239
239
239
239
246
469
469
350
307
469
392
363
329
239
233
276
276
185
394
452
452
411
183
183
160
170
311
266
257
266
505
505
532
510
61
25
25
144
180
256
322
170
161
161
319
310
255
255
129
147
137
111
116
106
78
125
125
125
208
227
281
371
382
430
260
418
326
161
161
161
124
338
338
283
276
354
426
422
422
429
318
264
312
2
2
2
2
2
254
254
524
493
346
278
278
510
525
517
530
497
472
472
233
423
255
259
245
220
102
379
379
478
464
526
396
396
378
444
538
538
461
461
319
453
461
162
161
187
66
83
83
158
204
157
222
247
446
446
248
224
224
387
430
430
432
306
273
273
294
337
288
303
303
245
245
377
427
471
267
267
133
157
