48
48
48
208
208
208
315
422
195
307
485
464
464
440
464
464
512
524
533
533
432
400
502
326
86
393
393
313
285
354
272
416
401
401
406
377
393
13
13
37
37
122
122
117
145
127
339
418
471
471
471
480
361
25
154
34
153
311
311
402
337
534
534
516
497
446
497
497
296
301
330
204
204
204
343
334
334
242
242
185
185
163
108
123
123
68
68
53
53
32
32
314
334
291
343
330
397
358
358
460
383
448
430
517
258
305
422
422
398
417
458
391
213
213
231
231
161
160
248
209
199
161
161
241
277
108
226
272
440
62
62
57
75
336
177
132
175
169
127
123
88
88
39
34
34
19
46
160
186
235
417
461
391
492
432
423
237
310
449
454
499
499
499
312
200
201
383
395
462
301
293
293
222
334
334
334
334
334
183
407
407
295
295
315
22
22
22
22
239
155
22
81
22
22
22
20
20
332
265
232
