0
140
341
460
0
0
51
51
51
0
246
246
278
344
344
334
330
330
334
330
84
454
454
492
413
286
388
499
499
499
499
499
499
165
165
167
125
187
17
17
182
110
110
110
455
455
455
466
496
205
220
338
225
179
171
267
179
179
192
193
318
373
351
286
303
480
194
0
18
244
279
269
92
35
129
165
200
200
61
211
421
276
106
106
106
265
265
265
265
255
270
277
505
502
84
317
469
171
151
291
198
429
474
454
476
528
95
86
221
418
368
534
534
534
436
455
476
516
516
457
516
508
508
132
413
508
467
508
441
392
382
382
331
498
410
275
332
309
52
42
42
30
448
470
159
476
428
204
204
387
387
364
356
270
350
247
326
297
42
42
28
12
5
14
14
145
69
31
31
31
31
89
339
339
284
284
361
203
252
144
144
296
434
366
84
451
246
314
328
247
318
330
330
464
347
347
347
477
477
469
