0
229
273
131
428
428
428
90
90
90
71
119
51
170
227
196
315
378
376
376
366
366
422
344
274
275
346
346
308
326
376
332
327
328
450
450
450
452
114
114
266
391
391
389
381
381
333
88
46
64
87
267
450
450
27
313
313
313
372
243
350
350
350
286
412
345
309
309
168
168
271
106
154
154
154
154
250
161
337
114
313
277
290
392
353
397
397
264
248
234
228
154
279
337
206
206
143
147
211
211
168
142
139
176
224
96
181
148
148
148
305
364
364
302
293
356
372
372
303
303
221
298
331
331
136
223
324
324
351
351
416
102
308
120
106
106
56
56
78
183
183
148
126
91
221
163
124
63
120
120
120
120
207
135
142
142
148
48
48
48
47
392
392
445
70
48
65
56
263
154
154
154
431
381
223
162
275
22
65
64
112
15
31
83
85
85
68
62
62
62
62
60
182
435
444
361
444
112
112
112
