96
96
265
459
459
459
379
285
285
513
429
407
446
547
547
547
482
483
483
369
518
518
518
486
486
503
358
31
31
71
187
203
282
297
200
200
46
46
50
50
268
268
488
506
506
506
490
490
170
170
287
147
304
291
268
298
297
297
193
428
468
397
428
424
350
350
350
352
334
332
332
404
404
404
404
518
340
340
192
192
169
257
396
520
171
44
44
44
44
44
75
75
75
75
205
188
100
100
174
51
51
51
44
44
240
302
285
414
227
227
175
175
182
221
221
187
187
187
206
165
291
291
291
291
291
370
459
448
402
402
405
278
28
28
28
28
28
202
122
122
263
482
482
520
502
502
489
489
130
130
200
105
91
60
67
146
134
122
121
110
140
140
173
195
175
107
85
82
189
311
311
311
456
462
402
215
87
87
96
62
42
42
143
143
81
81
95
86
87
225
246
357
278
509
361
361
361
362
157
175
