96
407
407
407
407
199
6
119
58
97
185
234
345
357
175
337
483
549
385
381
330
330
511
409
423
309
173
173
423
294
387
338
488
488
462
520
520
520
314
50
101
104
53
194
410
354
391
378
445
445
469
390
440
469
558
558
558
550
146
124
61
61
56
45
256
335
459
459
372
337
392
370
389
290
326
309
347
103
112
112
99
99
99
100
385
341
341
459
459
459
475
456
35
208
74
74
74
35
251
107
12
133
133
133
133
12
70
12
15
15
15
15
15
237
238
145
357
292
157
145
145
271
102
486
486
517
517
286
268
402
479
146
146
281
146
55
356
281
289
394
185
179
302
539
505
539
532
100
228
273
407
544
544
530
524
407
169
117
117
113
461
404
404
246
246
246
548
548
144
419
369
435
417
421
421
527
160
160
161
161
46
46
14
9
9
9
30
30
9
282
317
314
314
322
234
234
250
322
190
166
