0
0
0
0
0
0
0
0
56
56
56
256
341
348
364
364
364
481
481
368
367
487
487
487
412
466
413
195
426
210
264
276
292
294
269
366
246
248
451
485
451
389
389
282
231
231
338
338
363
412
508
508
508
431
431
328
294
391
373
7
7
188
188
12
344
418
442
442
285
285
145
150
135
299
377
390
105
105
278
532
532
225
246
475
349
209
246
224
220
175
141
141
171
171
388
470
470
275
275
350
253
182
182
190
363
532
532
554
554
310
100
100
100
100
100
326
340
439
289
201
116
406
428
450
360
335
328
352
323
323
323
323
281
92
114
114
300
300
300
300
300
300
300
204
285
353
335
368
191
343
343
551
551
550
550
450
390
214
209
374
348
530
514
487
492
492
492
267
301
301
135
135
94
62
145
125
125
271
226
226
346
358
289
400
400
316
363
363
194
190
214
395
181
181
235
235
334
346
395
134
