115
119
115
115
2
416
447
379
353
408
408
434
443
443
446
446
309
409
409
434
420
405
287
162
147
61
1
1
23
53
13
29
182
234
410
304
252
151
151
392
493
510
510
510
548
548
548
480
325
415
248
415
426
421
481
409
255
255
255
155
192
192
192
166
231
68
8
8
8
58
58
8
115
172
65
205
148
202
482
265
311
544
544
545
545
545
545
545
545
471
205
405
436
436
479
546
546
499
546
487
487
274
333
284
265
471
374
374
183
318
171
78
69
293
105
105
79
227
403
236
140
262
262
262
114
59
68
49
45
34
34
34
191
200
14
77
77
460
83
114
114
157
200
205
126
129
83
71
248
56
142
143
135
60
8
10
87
267
267
267
267
41
290
290
413
266
266
179
228
228
519
519
519
519
519
476
492
492
94
243
222
170
476
521
521
521
521
346
346
346
90
90
90
145
413
162
94
119
554
556
