0
25
513
321
90
247
282
262
228
171
128
128
39
281
533
429
239
160
160
278
347
183
148
177
169
159
92
77
122
122
122
125
165
165
273
291
289
338
455
457
459
459
208
262
278
307
307
310
310
215
262
285
388
223
219
242
242
226
312
371
239
371
371
345
357
115
238
134
299
237
312
389
539
367
233
233
396
396
329
184
186
186
200
468
553
553
553
254
254
255
255
303
553
514
514
412
472
472
472
472
472
472
472
277
205
206
174
467
532
532
228
382
489
437
283
111
40
32
28
51
28
28
356
326
370
417
356
378
380
363
81
112
112
183
251
287
200
201
210
208
312
413
537
537
537
258
258
516
537
537
75
75
75
41
100
223
332
266
551
551
549
441
345
179
410
354
399
349
389
399
160
160
267
224
167
239
239
254
254
301
301
386
380
383
350
235
268
268
268
268
193
420
331
299
228
157
150
72
89
85
