0
0
0
225
248
84
119
119
58
287
287
334
334
342
259
259
531
328
286
489
489
482
482
223
210
340
387
482
390
411
444
306
306
201
201
201
125
164
164
164
182
90
234
473
473
260
315
503
378
423
199
411
440
457
403
256
161
146
138
138
183
138
153
227
277
268
268
287
253
255
321
535
535
391
404
404
492
501
501
475
469
469
469
513
513
460
411
419
513
513
513
513
529
529
529
445
382
118
342
342
381
311
434
188
162
162
162
176
185
495
495
497
497
423
422
406
376
255
12
200
326
498
406
466
278
278
278
339
354
353
329
266
290
152
288
458
453
446
507
514
519
303
303
148
145
538
506
120
124
124
124
124
124
279
279
523
485
109
94
272
367
367
342
158
280
293
96
96
96
96
96
96
208
149
255
255
255
95
39
39
39
101
272
222
222
222
140
329
107
101
101
101
101
401
401
401
403
403
201
145
