10
11
83
89
89
104
89
459
351
328
328
329
486
314
219
219
394
374
336
433
429
477
477
276
91
106
106
106
109
135
57
75
126
126
130
146
283
284
285
285
333
333
134
134
134
134
444
307
218
299
299
525
311
462
466
466
385
385
385
385
476
463
463
525
472
351
351
351
351
327
327
507
494
494
494
494
494
494
503
373
386
386
417
440
507
557
315
162
490
352
373
397
489
478
478
478
478
135
135
213
213
497
507
198
172
491
468
466
451
458
247
257
202
475
288
277
234
401
381
64
90
115
85
263
322
336
335
336
315
411
526
523
523
523
314
425
427
205
467
352
356
364
334
422
422
238
556
507
362
507
58
223
223
223
223
87
239
241
115
336
288
267
265
440
223
209
120
158
34
30
69
118
563
351
199
199
563
220
218
218
218
218
217
173
234
290
321
311
229
149
114
199
199
254
234
253
332
338
339
438
