379
379
397
475
453
466
240
173
143
371
371
366
363
323
377
285
285
307
307
307
356
234
424
424
424
336
278
286
330
320
320
375
181
276
360
373
373
371
56
56
0
0
220
235
15
42
223
223
279
313
7
7
5
5
0
0
0
181
181
171
171
310
486
457
374
147
70
104
295
55
131
131
96
180
180
238
238
238
510
510
510
301
312
361
299
430
155
181
205
135
135
75
83
83
83
75
157
325
7
336
268
311
305
305
84
119
119
445
151
133
296
296
391
125
125
169
162
74
74
74
191
422
385
481
481
458
481
435
435
221
222
212
281
212
313
347
424
412
388
231
244
272
432
432
194
250
250
250
308
308
150
473
473
404
404
23
126
121
121
121
315
335
483
381
323
81
81
277
200
197
155
494
414
299
310
270
237
229
229
196
115
313
490
504
462
385
432
389
476
213
177
177
176
176
256
150
445
340
342
97
