0
275
412
250
194
194
82
107
143
169
333
98
98
315
240
477
477
371
508
474
443
442
439
439
373
76
32
62
379
379
385
387
387
456
432
445
445
397
445
432
432
432
150
166
166
150
38
25
306
402
402
402
363
363
306
252
74
112
9
9
9
157
170
170
346
393
311
378
378
229
221
221
221
273
278
383
383
416
235
166
166
191
83
68
69
52
16
13
70
322
378
373
367
361
392
392
392
409
409
434
119
119
311
299
282
56
42
63
283
375
155
155
76
45
11
266
454
458
419
419
181
181
181
181
240
220
222
222
189
271
105
105
373
329
57
57
57
57
57
57
147
183
211
449
449
452
234
194
191
351
351
242
406
460
271
271
366
542
542
252
327
327
327
332
332
326
306
425
214
329
494
505
505
466
433
378
442
282
282
241
241
269
266
150
158
191
277
254
274
357
435
435
289
106
176
176
276
381
381
80
