0
152
169
169
516
513
513
507
507
488
485
485
485
398
398
320
177
251
183
308
273
357
253
253
153
129
129
24
22
20
208
128
97
97
370
382
382
369
315
318
482
482
482
266
343
370
482
482
482
482
482
366
423
423
368
280
28
172
17
57
274
381
324
372
430
263
236
253
43
180
180
253
253
183
15
3
3
199
105
43
90
259
264
319
103
103
103
73
304
176
317
442
442
442
442
438
426
390
493
493
421
355
458
518
518
262
244
214
244
187
130
81
80
264
264
214
17
15
0
113
327
390
457
460
240
246
246
246
325
169
30
30
55
25
202
264
229
377
399
410
267
402
402
492
486
175
403
380
380
380
380
375
375
429
148
148
148
249
130
130
102
255
437
437
433
447
447
195
195
198
187
90
162
162
105
63
338
480
398
435
315
269
153
441
500
536
510
510
510
510
529
529
51
428
550
536
536
536
404
520
