0
0
0
0
0
41
0
0
170
294
279
294
127
45
14
16
435
120
213
213
84
383
300
332
294
452
403
403
417
417
361
331
313
267
175
5
48
37
37
273
256
143
143
143
220
267
263
323
314
323
457
238
170
182
279
387
475
431
236
386
386
451
451
451
330
330
330
382
335
273
278
253
254
195
75
75
175
472
472
459
459
462
198
198
300
230
223
226
224
86
86
359
300
300
409
409
351
309
289
289
289
261
261
99
99
99
99
99
236
286
31
266
233
233
225
78
78
343
409
409
337
337
251
249
335
416
469
285
286
286
285
314
315
470
184
184
193
360
461
461
477
224
224
43
43
2
12
188
306
14
14
14
14
14
14
61
20
20
20
20
20
20
33
33
25
148
75
53
57
197
196
116
225
94
94
94
34
16
156
12
12
33
12
18
12
0
440
446
139
139
146
335
275
284
216
216
216
180
97
129
