11
11
11
385
385
385
397
397
378
378
187
78
4
15
424
424
371
294
321
336
152
145
142
195
183
202
230
331
331
145
145
248
184
174
225
196
196
200
408
439
324
8
8
8
47
47
47
101
84
106
89
8
470
470
470
470
470
470
396
400
172
285
255
255
151
151
78
325
367
507
488
507
507
422
422
422
128
125
324
338
111
353
90
45
103
103
103
103
428
451
471
50
50
50
22
77
77
175
175
190
190
359
359
345
365
465
496
408
459
371
374
352
257
185
137
134
77
68
281
481
481
353
220
249
349
349
362
434
423
341
277
277
273
204
270
252
331
289
289
190
299
299
553
457
454
457
145
145
58
58
26
26
198
245
245
249
352
200
115
117
165
242
26
26
26
26
311
321
211
387
515
462
462
462
462
393
353
468
521
526
526
467
526
422
422
506
526
213
237
382
405
481
516
489
318
470
458
252
252
328
