387
311
373
373
293
293
312
311
234
382
307
411
411
416
83
46
46
68
46
369
427
302
302
302
140
88
161
180
221
321
236
204
217
112
112
34
445
445
306
197
501
538
131
418
415
464
223
319
472
234
234
320
423
490
490
495
257
237
220
220
294
283
422
512
512
512
512
369
333
303
306
179
179
374
456
456
558
559
559
395
83
74
541
541
485
264
484
467
485
485
485
227
227
234
362
302
470
556
551
551
447
447
57
57
57
251
251
89
164
177
183
236
240
115
378
375
398
445
271
256
256
266
266
219
130
130
130
164
113
113
113
458
458
458
510
435
217
359
323
156
156
292
209
209
231
262
200
200
259
518
209
213
257
466
466
466
490
490
490
490
490
506
548
240
240
240
205
97
159
148
104
84
81
79
79
242
163
361
370
266
88
86
86
86
30
33
33
260
260
192
314
314
33
52
52
64
64
45
45
167
