0
0
34
0
175
477
477
471
471
471
471
471
78
210
158
119
168
179
77
227
140
63
0
0
95
95
29
23
62
62
23
0
429
312
92
0
155
218
148
148
139
29
29
0
285
285
304
265
265
253
291
291
377
22
81
59
270
297
295
120
126
477
480
85
85
85
160
178
178
156
247
161
201
61
246
262
262
262
262
262
168
150
321
321
321
410
410
410
410
68
318
513
523
523
523
523
523
551
551
536
525
525
460
71
71
71
71
264
216
185
420
320
320
195
138
102
13
13
13
13
164
161
251
251
75
71
7
5
5
5
81
150
12
12
60
97
60
87
87
38
38
295
415
406
408
424
152
142
142
130
159
260
170
373
493
365
384
395
407
387
254
274
379
405
304
259
4
4
85
188
188
188
188
80
103
276
458
458
458
476
475
182
184
46
89
140
229
376
303
438
446
486
406
515
515
355
378
378
515
515
