92
92
146
146
397
109
97
128
97
101
216
166
119
119
119
275
322
293
361
224
224
181
181
93
93
33
33
123
282
283
193
222
180
195
214
119
119
119
87
167
156
183
214
42
40
154
154
154
168
168
132
316
275
205
205
199
188
188
213
222
222
307
357
370
100
66
53
142
142
456
456
370
296
243
243
58
55
84
84
82
125
55
55
6
25
34
34
34
64
64
33
440
130
83
0
87
2
2
2
109
109
247
227
81
432
198
166
138
285
285
285
285
231
381
220
33
33
56
56
44
33
86
86
87
32
0
374
115
341
341
154
357
357
357
357
127
303
146
434
434
474
418
232
121
104
161
290
290
291
279
290
92
176
176
349
339
335
345
374
426
374
496
496
496
496
496
407
407
407
407
351
467
445
227
229
68
123
123
204
123
347
436
413
290
358
360
382
420
248
248
248
216
357
391
331
363
393
516
277
534
