0
114
369
374
260
271
271
271
332
332
311
293
236
393
413
414
350
525
525
525
525
428
104
104
408
408
311
322
349
427
245
239
211
536
535
535
523
503
515
490
490
162
519
471
471
184
567
512
102
245
245
487
472
350
152
128
128
368
271
295
227
134
155
134
103
103
103
110
110
133
260
260
262
275
235
243
247
243
62
44
71
58
36
39
39
411
412
52
73
39
39
39
39
61
61
96
61
33
33
33
193
33
33
33
60
117
90
94
224
311
288
288
348
385
350
375
396
418
144
144
130
126
119
108
105
59
34
34
34
130
392
392
350
555
512
511
514
491
547
527
527
547
431
431
322
286
346
534
478
478
488
550
558
558
541
548
405
176
495
495
432
461
458
461
541
541
541
534
320
290
171
218
188
50
55
83
279
253
253
226
226
223
221
412
438
323
390
372
83
118
143
143
251
220
351
367
183
102
73
73
