0
0
0
0
179
179
12
12
0
0
168
0
0
153
189
189
53
8
8
151
433
287
226
226
483
362
362
225
168
178
298
191
191
255
475
467
467
402
474
426
448
448
448
200
227
227
346
283
290
339
238
51
51
51
51
51
51
82
74
172
162
76
76
8
8
8
43
35
35
25
282
282
282
182
87
108
5
133
45
365
528
500
500
102
102
110
110
110
366
260
260
425
399
403
383
258
254
214
214
182
205
220
56
73
95
49
49
13
13
173
288
260
260
13
13
107
108
217
191
116
112
111
105
108
130
13
80
184
516
516
516
516
516
191
264
342
450
223
244
255
243
420
452
500
477
67
196
240
271
271
243
336
407
561
425
430
367
272
272
120
120
120
299
391
391
288
288
244
270
240
252
151
303
347
233
502
502
358
239
239
236
183
128
109
109
135
136
200
248
285
285
380
363
218
218
218
229
229
201
141
