23
0
0
99
99
99
164
11
11
11
433
244
308
317
402
345
420
456
201
63
63
171
472
443
443
382
382
406
336
391
515
407
368
368
375
375
320
485
485
199
250
251
211
426
197
219
261
255
228
429
318
404
427
496
517
517
428
379
434
410
410
192
192
118
95
380
400
400
563
563
550
81
245
119
119
119
44
44
44
44
253
233
225
211
341
420
49
103
103
49
49
143
333
135
135
135
97
97
233
99
97
69
69
64
64
215
275
275
340
354
261
117
116
116
140
397
74
212
221
255
199
234
234
279
339
344
191
452
462
470
550
550
529
563
563
563
563
563
392
392
452
563
563
563
514
514
461
435
312
309
332
255
216
227
191
230
223
301
341
296
296
330
409
409
126
126
106
106
438
394
495
487
484
207
207
26
421
421
421
271
324
200
249
257
340
340
314
120
120
283
253
228
142
142
142
142
136
198
488
488
