149
149
138
0
0
0
0
0
191
0
59
315
316
323
49
0
0
376
376
408
408
446
446
483
101
101
66
285
173
368
217
306
335
289
289
345
368
166
200
146
146
300
297
304
289
289
457
399
448
465
395
385
385
387
116
72
161
52
33
33
33
159
62
234
60
60
60
223
160
110
68
498
498
498
218
175
206
6
6
6
458
458
463
463
463
484
258
339
284
401
401
401
401
401
293
172
172
319
343
251
39
39
24
24
169
205
270
270
285
361
280
277
526
479
479
135
223
108
300
272
252
260
173
127
232
216
172
390
414
408
573
573
573
573
573
476
484
484
349
438
195
195
195
264
264
291
440
335
335
316
316
427
425
330
332
487
487
573
568
473
473
457
473
473
411
412
519
248
187
341
278
276
257
58
126
126
126
343
343
403
379
379
385
102
28
21
21
21
201
21
149
20
20
260
260
61
61
70
70
54
