0
0
0
0
0
188
285
30
135
234
135
66
6
6
6
69
69
69
29
29
231
160
160
160
177
160
341
66
66
66
241
198
198
234
201
222
195
476
476
467
524
522
381
381
363
172
206
257
143
134
403
403
429
271
117
239
239
239
238
342
428
432
295
386
507
523
523
523
525
441
387
261
168
313
356
324
319
319
113
114
175
175
299
299
299
384
384
537
254
265
268
527
497
497
497
558
558
558
252
252
252
115
242
299
389
313
309
301
305
305
185
233
345
345
345
345
344
300
75
251
249
342
343
377
423
274
274
344
344
344
239
220
315
413
471
474
474
553
514
375
201
201
338
201
432
432
66
66
66
22
32
74
45
148
148
148
86
45
76
122
188
95
95
85
84
175
202
458
46
563
563
432
432
432
481
366
410
465
352
40
40
504
504
319
318
305
339
393
399
450
450
547
547
184
204
332
515
92
92
167
