124
124
124
334
334
334
238
392
337
337
91
72
435
371
346
532
532
490
173
173
173
173
294
294
155
156
265
265
245
270
184
64
9
9
9
233
38
158
568
568
547
536
557
568
373
218
410
126
64
64
308
268
457
424
90
100
259
267
403
409
399
409
418
418
496
496
496
454
437
364
377
419
486
486
514
514
514
514
445
458
499
279
131
131
463
463
40
130
205
74
302
192
192
406
102
102
74
144
144
144
161
69
303
268
340
272
174
207
207
154
202
102
102
221
220
444
444
517
373
373
366
405
410
414
199
199
199
292
232
232
119
121
121
121
343
433
434
477
186
183
53
53
53
30
30
30
88
88
88
99
99
146
146
146
149
160
127
127
313
19
133
140
15
15
15
98
98
136
98
139
133
92
60
113
58
432
424
454
350
353
11
176
74
303
303
302
375
375
375
335
303
394
493
530
530
530
530
530
531
531
