8
220
79
0
305
305
352
47
11
11
11
25
25
22
48
195
112
386
353
239
239
119
119
120
120
162
223
223
274
264
275
151
341
226
196
209
81
121
61
247
308
344
370
401
76
228
164
164
160
196
196
135
311
414
225
144
383
383
358
234
234
151
151
151
206
206
365
42
303
358
343
335
104
313
414
419
419
408
448
280
482
482
447
160
160
215
223
203
353
326
251
257
238
98
163
164
92
133
202
205
175
194
272
237
208
25
3
3
3
130
82
24
24
24
24
21
21
21
3
60
216
73
185
184
483
483
256
209
55
310
310
92
52
139
127
294
199
265
151
151
46
224
147
328
373
388
415
225
194
215
214
234
432
436
371
345
345
331
206
220
220
290
427
427
427
427
427
427
287
211
211
234
358
358
191
225
347
376
376
388
266
284
449
289
276
276
276
126
83
83
119
119
85
133
149
197
218
182
45
112
