0
45
45
45
71
71
50
50
50
75
44
44
44
367
363
364
2
384
442
318
300
10
213
205
205
133
133
149
203
144
144
146
146
445
127
122
111
109
119
127
210
211
241
267
214
199
408
211
252
341
414
338
338
278
342
279
119
414
453
341
348
323
508
533
299
311
396
444
570
570
511
511
528
523
523
204
415
537
494
164
103
103
218
313
282
570
570
570
413
570
560
202
289
265
263
263
180
180
98
381
444
462
242
242
377
143
538
538
325
462
317
319
345
488
426
31
204
261
297
177
356
283
265
140
355
321
321
330
278
26
26
26
46
338
338
338
77
187
225
384
286
373
526
522
554
558
558
544
544
413
296
296
517
544
543
552
316
209
185
194
381
157
378
157
283
456
237
246
85
85
91
243
376
400
360
397
359
379
379
284
218
273
354
354
357
244
244
212
272
283
209
202
330
154
304
459
52
43
43
43
