126
126
126
126
113
350
350
350
484
143
66
66
144
198
206
206
206
171
478
478
34
34
34
160
157
34
228
228
228
274
320
358
358
358
365
365
262
419
346
385
427
265
265
159
64
79
259
384
384
388
427
327
291
310
310
408
81
356
129
11
211
256
256
227
174
409
169
220
309
309
309
205
34
34
190
190
386
386
368
366
300
300
295
192
453
456
456
398
398
364
306
336
354
470
470
470
470
505
324
480
249
140
136
55
97
103
130
17
8
8
8
56
8
14
436
538
490
490
513
513
299
307
307
469
469
469
579
538
579
579
174
174
251
251
154
278
8
91
28
28
28
8
78
78
228
80
121
121
166
353
324
356
432
334
334
453
391
391
421
354
496
558
460
460
137
249
249
249
247
119
119
119
236
237
273
253
276
234
142
151
327
425
425
391
389
491
344
332
332
324
382
263
263
208
320
390
237
237
128
129
