271
497
398
467
522
522
522
439
208
146
521
47
499
499
384
422
405
275
291
247
207
231
58
40
49
50
49
49
99
49
264
130
160
160
237
237
237
236
236
20
16
214
347
566
566
382
550
517
423
423
291
344
332
317
515
515
515
531
308
277
195
206
162
134
134
123
133
133
133
8
8
286
293
329
377
338
180
306
549
549
137
436
277
217
292
115
239
239
239
316
389
389
425
433
503
503
91
68
171
149
334
334
494
332
314
323
63
59
59
61
61
297
375
301
432
432
374
374
93
83
57
120
254
262
177
441
342
448
541
541
567
98
98
98
294
191
81
81
81
14
14
8
54
161
110
225
225
210
230
392
392
383
343
352
265
142
113
108
114
138
173
234
215
375
152
145
321
239
282
334
313
313
313
378
345
369
369
234
228
213
506
506
506
482
487
301
283
283
410
281
421
421
45
81
118
161
161
102
102
171
