0
0
0
29
234
311
189
158
146
218
167
195
363
343
347
360
360
348
348
360
312
426
397
408
411
436
559
337
337
32
323
355
347
163
417
286
140
133
31
31
123
157
206
185
357
415
466
477
354
405
452
441
399
220
412
377
419
241
279
245
276
276
196
455
455
352
359
324
132
131
317
288
288
353
309
309
440
499
322
522
522
472
487
467
212
212
579
558
558
558
565
248
500
374
338
371
423
423
75
75
231
376
376
35
59
53
53
210
346
186
176
386
239
29
5
116
250
271
207
206
353
261
261
214
229
205
206
116
116
420
111
111
108
46
46
214
214
227
564
564
564
551
481
481
276
273
98
98
170
266
400
398
414
411
231
240
323
150
345
319
282
242
307
344
24
24
246
208
349
468
223
223
554
531
531
484
484
557
344
277
277
277
277
317
274
286
396
295
292
328
276
255
253
409
449
525
573
573
573
302
