0
21
21
21
0
116
116
224
346
429
423
397
351
360
271
270
341
244
239
239
268
252
47
47
47
163
203
253
324
391
391
311
343
359
516
172
314
381
381
339
333
301
201
46
46
46
372
179
179
153
227
13
13
13
13
37
37
118
126
126
100
92
92
71
83
33
207
251
414
416
416
313
320
314
431
154
486
499
499
506
225
193
524
529
532
157
157
157
156
230
511
563
555
555
555
563
563
423
426
358
358
314
133
188
197
200
155
191
287
445
484
275
236
429
203
341
269
187
241
360
352
383
338
338
457
518
233
220
85
85
85
185
412
354
289
283
95
125
431
430
390
406
246
240
232
127
266
132
501
67
74
132
390
260
260
390
343
110
110
110
76
71
88
86
86
341
345
345
469
315
325
292
292
178
178
107
107
83
256
250
250
277
469
248
246
246
146
151
89
74
74
299
439
497
497
554
445
445
372
404
