0
0
0
207
444
444
349
181
208
196
86
354
362
266
266
355
355
412
69
69
69
69
50
69
130
130
156
273
432
475
365
365
325
325
250
164
148
315
405
347
230
295
112
111
118
119
381
426
449
449
449
449
445
324
398
497
497
497
497
356
180
156
70
70
70
85
54
176
160
163
163
356
115
144
463
152
181
141
138
154
154
138
138
138
315
319
308
361
331
299
299
295
147
147
94
94
94
439
439
386
145
138
302
227
223
223
147
119
147
424
476
476
339
339
364
364
379
416
470
476
447
464
386
527
527
260
243
243
424
405
476
512
538
451
430
498
498
498
533
534
534
340
358
216
224
570
570
49
49
65
34
178
157
471
298
249
249
87
123
280
303
303
139
8
8
206
137
137
0
12
0
390
428
428
497
161
164
180
88
286
293
277
329
329
164
446
569
538
538
536
541
543
543
569
569
535
521
486
510
510
