42
434
459
459
447
447
447
448
448
366
378
378
378
302
332
332
332
252
307
307
307
422
25
25
265
66
193
398
428
55
66
249
231
231
443
504
486
457
551
551
551
551
359
302
308
120
79
345
527
446
273
278
87
87
180
212
212
217
243
243
281
277
280
318
140
139
207
207
207
142
142
275
242
281
312
312
424
424
405
405
541
318
200
363
212
353
400
400
470
282
274
394
389
382
227
227
227
353
543
543
240
240
240
240
158
146
470
470
470
492
492
492
492
492
492
483
492
267
267
400
427
194
175
169
169
166
169
155
148
213
561
561
41
33
33
237
369
504
238
567
567
567
548
548
286
286
276
513
513
418
317
317
264
305
401
278
278
364
372
389
386
334
373
369
369
369
203
203
203
489
489
348
347
266
174
364
437
293
320
443
452
314
342
340
221
359
558
558
571
571
422
422
203
201
201
292
60
178
111
111
