234
26
26
296
284
234
234
152
152
261
261
397
273
461
138
138
381
458
351
275
216
216
202
227
254
269
183
183
214
293
293
288
388
567
544
86
249
249
486
489
489
489
25
25
25
347
350
350
408
489
291
291
421
82
82
82
386
401
484
474
459
476
405
416
427
418
514
404
177
177
183
38
38
38
106
31
71
425
235
286
286
347
375
389
360
360
306
332
213
196
178
184
184
233
430
514
496
48
24
24
93
198
93
36
36
96
128
39
66
39
167
133
99
228
182
423
461
476
476
132
132
132
132
14
14
52
14
6
288
288
64
146
146
6
208
112
451
451
383
383
360
343
343
265
301
283
323
148
133
133
99
179
146
471
483
483
483
507
119
204
176
30
30
26
26
26
26
106
26
26
273
280
445
431
431
405
445
443
494
495
58
58
58
58
58
58
51
228
486
410
406
371
522
513
463
416
251
192
192
304
