58
67
67
500
414
503
505
505
505
505
505
164
164
80
80
81
16
16
16
16
341
341
185
17
17
16
54
54
16
24
24
24
8
117
46
8
168
360
339
339
421
567
518
499
499
356
353
353
441
441
567
481
567
449
457
479
266
108
108
348
31
36
36
267
294
352
359
378
372
267
267
160
334
334
127
129
30
30
30
30
30
187
171
169
83
70
73
490
544
544
250
250
211
168
260
330
278
278
412
412
380
474
515
533
120
120
96
96
96
96
96
259
83
21
141
141
184
251
261
205
254
142
142
174
403
257
303
86
74
74
369
177
173
282
239
57
57
28
17
17
197
62
49
339
339
339
314
143
208
414
376
382
260
129
239
129
129
129
256
256
255
416
87
87
83
339
339
205
210
270
270
387
387
237
165
165
385
487
495
513
513
509
513
502
363
472
472
472
512
156
156
187
187
187
187
157
186
77
77
405
