10
10
10
49
100
100
125
135
86
86
86
86
86
83
64
181
188
217
331
209
162
162
162
89
89
70
19
19
19
123
39
39
63
30
315
306
307
328
286
286
288
158
158
158
158
244
167
42
56
171
171
171
157
87
87
87
88
54
328
287
256
336
379
413
363
363
305
154
360
434
326
326
328
61
79
79
136
67
61
61
61
61
98
45
45
45
45
334
334
334
334
334
334
397
440
542
567
456
524
524
559
559
562
544
544
533
306
306
282
282
282
311
394
394
394
371
349
353
22
286
213
234
234
289
289
289
289
310
508
445
543
462
363
255
255
255
27
87
27
348
348
124
41
41
123
202
284
466
466
362
262
65
458
458
395
321
283
283
119
145
262
157
119
144
144
304
255
306
301
345
349
372
175
175
174
172
97
183
97
85
85
85
30
30
1
88
88
144
163
156
283
283
283
311
311
330
280
304
500
500
