0
249
185
185
204
204
229
209
249
231
236
236
236
152
209
94
284
284
284
278
269
62
62
36
36
36
20
82
82
122
122
122
62
62
62
231
231
190
166
166
110
8
55
114
90
162
162
268
268
311
328
439
346
346
305
404
439
401
401
399
359
361
361
341
341
341
303
310
310
300
211
421
416
172
409
409
409
223
204
440
442
447
386
320
281
447
447
379
380
446
449
449
339
365
382
385
452
444
163
174
71
71
71
386
264
248
240
240
269
284
203
203
97
276
270
270
259
5
5
5
5
5
5
15
105
105
98
97
94
145
56
297
414
373
258
213
72
72
72
72
72
78
72
88
88
17
59
43
23
23
62
124
142
167
165
227
220
227
471
285
471
349
223
279
24
62
52
78
52
31
7
0
0
78
118
174
384
384
359
77
87
87
87
55
55
64
0
65
66
68
68
209
196
166
294
304
354
94
96
2
