480
259
290
301
140
76
219
481
390
183
443
443
443
391
391
391
400
327
327
327
433
483
483
255
263
349
257
257
257
257
252
270
293
208
204
204
224
238
329
384
346
26
72
100
80
482
292
292
152
156
334
296
299
78
328
561
561
393
363
290
290
281
197
325
495
539
539
543
543
452
416
53
174
172
483
461
461
251
488
470
488
473
480
552
439
517
254
254
267
166
166
166
398
497
468
470
366
366
454
485
409
333
246
246
265
265
265
265
443
449
467
264
496
496
63
384
485
456
391
372
437
190
190
207
290
290
359
222
94
25
210
362
33
9
6
331
324
324
315
315
341
75
26
18
180
180
201
183
165
319
346
410
410
362
219
197
291
197
21
21
21
204
184
360
553
408
408
412
199
199
493
123
131
282
365
565
509
261
324
76
402
71
66
59
171
298
300
158
77
148
230
243
243
255
313
272
272
400
477
477
