17
17
8
331
364
450
279
196
190
190
135
237
396
467
267
260
260
257
247
181
396
228
228
281
298
360
360
275
196
223
149
170
297
297
34
34
25
20
94
238
240
251
252
163
229
242
242
187
205
451
133
133
133
96
93
288
283
235
247
400
461
324
324
298
119
171
418
395
140
140
485
451
459
459
351
320
467
287
287
277
276
77
77
77
80
180
354
77
192
179
190
220
82
251
233
109
144
113
194
181
170
170
152
136
187
323
319
166
286
286
497
497
116
299
241
293
320
172
172
45
45
125
125
133
87
48
48
48
172
189
197
91
270
270
197
414
304
2
2
2
2
355
382
406
406
406
517
517
517
474
368
287
287
287
304
398
335
152
152
71
70
402
86
67
403
403
169
219
386
203
309
219
124
253
462
409
436
436
425
462
299
475
541
541
541
541
541
541
234
212
223
195
11
11
11
69
69
69
90
32
