0
0
235
235
513
513
513
454
383
493
493
461
510
510
493
510
510
510
438
438
464
536
536
541
446
434
240
443
159
194
206
217
112
100
242
40
42
334
307
32
32
432
477
477
477
212
434
33
415
415
483
484
484
483
455
455
483
495
339
242
379
379
331
413
447
495
381
379
379
381
383
291
291
215
20
406
417
137
137
112
112
346
12
12
6
269
269
269
470
532
532
424
325
154
154
161
173
404
430
430
430
430
173
181
194
235
234
245
226
193
184
8
8
207
325
325
322
286
246
314
314
47
47
67
476
295
156
154
154
274
274
248
331
397
529
518
518
357
374
374
374
361
319
384
573
495
363
267
273
587
587
296
282
230
168
302
302
302
302
141
154
166
35
331
456
336
307
531
157
157
110
417
394
407
365
231
287
414
426
558
562
562
456
473
473
456
455
360
337
337
206
206
206
240
293
285
277
587
587
532
