131
134
119
258
351
378
522
392
495
509
509
509
509
504
378
366
240
329
465
202
361
304
386
299
299
206
64
167
220
220
376
411
435
435
435
538
368
368
196
195
125
71
191
191
213
26
361
361
360
164
3
299
261
228
228
247
517
70
48
362
362
283
290
387
387
286
286
261
195
144
439
433
450
401
308
205
261
261
255
227
453
279
166
426
429
334
320
320
340
459
459
384
303
200
200
213
131
219
203
220
477
512
512
508
437
263
181
291
194
194
176
438
114
114
140
17
266
266
301
301
384
515
513
537
539
539
539
539
333
333
333
421
413
235
85
85
85
223
223
223
102
214
227
199
489
226
226
157
2
2
2
272
117
117
202
201
201
400
414
101
2
2
501
501
396
396
513
331
336
416
438
62
62
62
62
62
67
254
383
383
159
193
193
444
313
233
327
236
173
74
74
63
63
61
61
61
61
206
154
416
