363
110
110
317
274
258
248
290
279
476
515
515
326
321
311
565
454
328
379
16
16
14
14
14
460
445
442
340
544
284
214
171
171
171
174
274
374
412
249
249
249
238
246
246
246
309
217
310
367
367
306
306
440
559
559
559
559
297
213
213
216
559
475
475
475
475
428
413
413
534
534
534
351
486
570
570
570
569
418
348
297
298
166
84
156
150
131
62
412
412
412
322
380
367
367
371
342
528
528
527
527
527
478
478
437
317
307
348
432
432
464
464
277
263
276
317
317
305
348
136
136
200
166
140
140
129
129
125
125
340
347
501
528
265
427
460
342
332
363
479
490
490
170
125
125
164
122
122
122
290
310
166
288
262
211
248
358
358
396
367
298
253
182
581
207
260
218
174
178
178
267
354
473
362
288
282
99
134
134
73
518
326
353
49
25
96
86
86
279
279
279
344
490
550
560
560
560
363
461
461
