2
2
232
304
352
370
206
165
278
164
209
209
209
223
497
510
143
143
82
82
46
213
203
178
178
192
169
106
89
135
218
487
450
356
232
188
87
82
327
540
205
191
388
388
430
464
416
416
408
483
502
502
502
115
85
195
227
172
315
315
343
457
464
490
442
318
404
395
360
354
353
363
285
146
61
61
61
61
10
10
211
199
141
444
53
53
53
53
53
500
500
275
295
305
54
54
54
372
332
226
199
199
255
309
309
317
253
253
203
356
110
110
126
126
36
257
310
310
310
404
219
89
99
223
169
70
179
152
152
431
398
330
523
233
233
258
181
181
131
131
169
495
384
400
476
224
130
130
137
130
93
93
93
147
363
471
471
343
343
150
142
84
84
84
84
84
84
160
162
213
216
204
139
257
257
73
31
101
101
31
192
192
265
235
189
187
254
268
268
551
398
398
410
394
412
427
565
520
441
441
