0
146
155
155
205
205
9
14
14
41
41
41
41
46
46
46
46
129
85
258
166
320
320
414
166
23
23
235
293
272
316
5
145
145
319
319
267
35
0
281
297
297
430
349
393
393
237
204
113
146
250
114
114
221
303
303
181
167
34
52
90
210
217
164
438
519
375
375
375
443
435
435
453
453
433
159
175
96
80
106
81
64
305
297
103
101
101
324
323
100
100
188
255
166
164
171
188
223
223
288
288
288
257
515
515
515
515
515
454
454
419
96
344
355
359
423
423
423
577
577
577
577
435
402
535
587
415
326
532
568
568
369
417
215
215
417
520
520
520
491
587
587
312
421
542
546
512
474
206
138
104
460
393
342
104
104
136
359
359
359
327
327
375
375
375
404
486
527
501
501
419
445
475
377
377
258
340
340
343
291
291
367
85
401
401
401
244
244
244
221
208
190
226
190
290
290
201
236
236
236
