20
275
275
206
206
205
193
212
109
138
266
395
465
465
86
18
18
18
18
170
125
125
125
125
18
526
355
355
307
318
318
391
369
407
441
377
392
566
566
566
566
142
142
324
322
322
380
384
450
384
360
342
333
490
518
506
487
299
325
468
455
419
419
115
126
128
589
566
566
569
569
582
582
292
267
230
230
230
272
249
424
417
320
584
315
315
46
46
46
127
303
303
584
549
584
449
449
442
42
129
354
343
129
62
62
142
142
142
356
369
311
272
116
116
260
252
273
355
305
247
390
390
166
176
176
421
456
454
454
497
518
289
164
478
335
178
131
167
178
178
6
307
430
6
6
194
194
397
397
397
447
60
103
103
64
51
51
50
50
50
50
50
501
512
519
519
534
85
85
85
309
44
277
404
547
547
290
170
170
292
326
390
542
114
62
65
323
292
255
190
93
48
45
45
246
218
218
218
223
263
