0
0
118
215
465
325
125
125
125
125
204
236
563
563
563
563
147
147
69
74
89
74
6
56
51
51
153
366
388
242
48
285
278
305
412
412
322
262
352
309
391
479
429
465
465
465
515
515
527
527
257
257
115
195
142
510
464
521
521
546
512
197
155
86
86
86
338
442
171
297
297
376
351
493
509
417
400
358
166
357
361
465
374
465
336
303
303
281
253
253
305
100
120
120
412
412
415
263
415
415
395
164
485
314
422
422
483
340
203
55
55
307
368
378
238
446
366
332
335
452
486
486
344
344
91
83
83
83
201
40
40
40
40
407
508
508
508
508
508
508
37
37
124
83
84
87
84
84
184
72
93
116
323
286
146
146
341
341
292
232
155
155
119
230
225
153
186
186
338
233
233
214
372
395
489
502
241
384
362
301
279
280
289
316
315
315
315
246
212
388
352
443
439
83
470
470
335
360
157
362
