0
16
182
46
0
0
0
63
312
312
344
353
128
411
390
413
440
41
9
9
9
9
9
9
5
5
5
112
242
215
184
17
26
26
26
322
330
387
319
479
487
499
499
502
512
512
512
448
525
447
447
563
312
110
110
106
106
106
196
304
214
68
142
211
293
301
301
58
103
88
103
103
107
127
118
119
107
69
69
66
66
160
173
173
217
110
203
51
213
211
503
503
503
503
532
532
472
472
471
65
190
187
92
127
127
97
97
231
197
196
277
568
379
497
541
516
516
429
429
429
453
429
388
513
461
513
510
510
510
402
402
407
260
495
439
488
459
405
353
157
217
217
479
334
334
363
291
495
553
359
263
581
581
591
576
576
378
438
563
581
581
594
594
494
280
429
465
465
477
474
462
458
316
316
349
349
349
33
261
78
33
33
33
69
69
68
164
164
250
250
287
281
277
277
277
277
245
245
294
165
